-0.693023525334528 2.595873572987
0.835627399016996 0.0794730818000666
-0.586988836388577 0.134315730567582
-0.510984610653068 0.0349647015285506
-0.149472818917351 -0.277516018341423
-0.647012893283564 -1.44616727389812
-0.133232294182676 -0.874170981772338
-0.471635392828726 -0.383886840440377
-0.212303971504794 -0.0863053162740247
0.787184725464802 -1.28698179793605
0.443362421482071 -0.236512673174042
0.633597472457852 -0.288068363580442
-0.56962450204122 1.35713614814655
1.13584229525466 0.139308663865326
2.24388173558769 0.904277024452778
-1.56708362591512 -0.444448722426265
-0.586312607214465 -2.69640155437979
1.25115927378496 1.12698849534665
0.343123481805833 -0.867870342865485
-0.115521846453313 -0.415124982336329
0.0151949642040827 -0.488511698831345
-0.677059794891871 0.429787806577557
-0.37848944640481 -1.27917044020757
0.417613900621591 -0.457319252750063
1.09115560969665 1.60683193971562
-0.236226471195408 1.1880990175638
0.852642527897149 -0.209527335044805
-0.103142144041558 0.504069842919311
0.23161178280892 -1.2072015921062
-0.264774829089597 -1.09114059690698
-0.276144467132764 0.343442667489636
0.449967464461684 0.691500244189543
-0.609099845076043 -0.969756982636894
0.58516706199692 -0.834583444690574
-2.7493731320285 -2.66619320371022
-0.0657032132065216 -0.0628940971861271
-0.387770489737581 -0.900844383115634
-0.453721401072876 -1.61010810906768
-0.327634426326397 -0.0753923020914235
-0.369526476121817 1.96917700850786
-0.196685747279788 0.496447220344164
-1.02230107991995 2.1960034010925
-0.802168794861816 -0.0626438628416333
0.675538182220295 0.395301115136144
0.77909712381756 0.0603133929614782
0.23199862183765 -0.689344187524249
-0.0486605163989333 -1.29467012416127
-0.166274024813739 -0.529208789765868
0.627223272745693 -0.922009307063165
-1.83377153209687 0.301327647889389
0.604990823863586 -0.339820437483527
-1.1598171612169 0.505974794983433
-1.04154343800928 0.324837138156265
0.141228102945484 0.912252465055751
-1.06060766191065 0.263451108665675
0.102007010125427 -0.50927013478986
2.59829557999465 -0.852759408571879
-1.38702345097612 1.34989929723698
-1.4433005754463 0.924579996887142
-0.0197099257133336 0.0612778727323586
0.489176349271669 -1.37180320800537
1.32105366242026 1.24001285236009
-0.00370770654599361 1.33192523381623
-1.68745816462213 -0.352677867339802
0.274615741485094 0.883313292567643
0.56417331149508 -1.02105994539695
-1.11549028703216 -0.562705754330473
-0.307304950597657 0.331022574345911
0.424250718174442 1.34037996858964
1.08298510577604 -2.1592533657071
1.07184271432552 0.832245293803592
0.0520661702606083 1.41553849027874
-1.67388681800532 -0.186084017731977
0.211396572603087 -0.428341734452726
2.32846454043122 -1.06304159072234
-0.914694361225636 0.820986831822862
1.12128435421212 -0.015816339367003
0.314682551303643 0.397167222761733
-1.62018244269052 0.0635985140440618
0.837979830778718 -0.543837704497769
0.49581988294207 -2.53752032584436
-0.903420045252026 0.894065982308754
-0.00165757630907712 0.442978411088159
0.42103883063731 2.119390843043
-0.371877462181286 0.797445713070787
-1.82385711190205 1.27569537007891
-0.906980287240327 -0.24376203665901
-1.92145919203958 -0.653532062174243
0.938890833711195 0.544851918042789
1.17932099059326 0.892747087876683
-2.3225713856481 0.847839494618275
1.08848882374867 0.725240869307699
0.891586069681547 -0.352906694133023
0.00116644493716439 0.452306677496629
2.06792111708801 -0.577192677748405
-0.0311702291350689 0.9251717178925
-0.434213946595666 -0.288923802742664
0.946010700675176 0.828032426160677
0.939346602719203 -1.08439765689875
-0.882588273143324 0.181510043480968
-1.19010412981186 1.14648536564582
0.22853230885797 -0.746982366066045
-0.131617994320814 -0.494492646753838
-1.41925157100344 0.895159079960042
1.27348236566466 1.78253063607825
0.0697520528418675 0.250633610149579
-1.51974058084818 0.43172633231328
-0.179186498217239 0.0647799371799255
2.25804414784544 0.467948255053572
1.21479210301588 -1.57523016682463
-0.0842793523457521 -0.572792620035992
1.35131477730264 0.448923867792677
-0.103844249250013 0.946347262813355
-1.92180319237626 0.458243238194519
-2.44478210968751 0.360682578628638
0.444870270384348 -1.09247635025522
-1.62805583997415 0.212222762124813
1.64869270855469 1.12828960393018
-0.337983117347202 -0.583649613023313
0.685147695925933 -0.319808220008863
0.205171232917262 -0.704929877427537
0.982698623529911 -0.832256585224748
0.327993052512136 0.201669076686822
-1.92253399991824 -0.508442500590419
0.727731657848591 0.337781225795309
-1.58006395688131 -2.08502734182922
-1.16367139178093 -1.63848514589506
-0.81288105847689 -1.38970426939853
-0.660302961391413 -0.907405194398167
-0.463618834881809 1.15307191648895
0.0129844026765724 0.38092022768753
0.946704168007193 1.21668866324389
0.338586718630065 -1.64387638103275
-1.52786405399442 0.839497736296812
-0.672384427688285 -1.41345470054785
0.264937625677175 -1.292182162909
-0.711825919386067 -0.915432562918849
-1.46241251400579 1.10028355957377
0.140018389607409 -0.44310426689384
-0.106270425039504 1.24300439958015
-0.289594685118189 0.83481463656912
-0.503702073822133 0.776852221299985
0.576545716596576 -1.04740712514081
-0.731640287782729 0.803199803426541
0.0937829552605058 -0.653313302697015
1.29631068309733 -1.31660498773845
-0.484628059290435 -0.388640917220988
-1.20684057819075 -0.761806832745518
-0.504962668582033 -0.467373291642113
-0.728384563231258 -0.122433507872005
0.20493146664376 0.859260590972259
-0.310898485755407 -0.500769546585727
0.835922708564911 1.23174019949645
0.765193567425299 1.22005965996967
1.05337182661562 -0.413696742344152
0.893553013948304 -1.56804238004635
-0.175510275399263 0.616152384939484
0.958632368041947 0.725236595094417
-0.29246542386025 -2.49922232431499
1.32954997016435 -1.63618986767994
-1.50982231864788 -0.813087507515337
0.572474369241258 1.84820914918101
-0.140396293356802 0.888738348359634
0.689887091291975 0.355862592953875
-0.675297713831515 1.09428761527693
-0.379138545509453 -0.491610169930981
-2.31038942035823 1.69076698648988
-0.330288060278049 0.214043433344292
-0.0189596110519062 -1.81287853310538
1.54869232440514 0.0397976786138005
-0.949001258133274 0.616867725860411
0.0477690341763908 0.777825885119541
0.192525413970063 0.586606485478972
-0.581417473339239 2.19265626089882
-1.25324013545161 -0.041015054906478
-0.283626388682327 2.33860395227388
-0.0282681395478291 0.77309058787766
-0.84497458010922 -0.619880813835394
-0.54407674299633 0.661459869500488
1.36080942550263 0.979346908924445
-0.0501777462752858 0.788043675002811
-0.0639851404106594 1.7496118671617
-0.00496736139675584 -1.52998918399271
0.963072949323074 0.198089198878731
-0.804440916222185 -0.330424863468836
-0.00933223618747692 -0.644145773247386
0.00236495450178105 1.47205152482066
-1.43504881471291 -1.33608428783199
-0.777413970880452 0.594792539340094
0.265038624062652 -0.366997354221711
1.55009375619307 0.25789807886719
-1.38859139971881 0.722103072435256
-0.011079727586806 -2.25819821553394
-1.65615550924408 -0.989752631498837
-0.221997238598596 -0.0154525620828604
2.40224774159068 -1.25577359898349
0.580656037054797 2.14428599126752
0.454418988050624 -1.00972689790753
0.868309528342563 -0.0327808710923408
0.250875823287393 0.346046292672855
-0.911658192346095 1.02580642109791
0.361252289425543 -1.23142071357388
-0.640398984661485 1.11465410858292
0.647567760307844 0.238817868555192
0.216255111908105 -0.212898058007377
-0.118323607324575 0.520681632839359
0.173987805394765 0.305394311290238
-2.1738615245323 0.908392975561683
-0.538617787151115 1.23030527671994
0.520844367391861 -0.841886137243142
-0.406839708638237 -1.89166651148659
0.804043821550822 1.4188904329396
-0.295867160368187 1.03413700741717
0.865439391724713 1.20444226778597
0.791738015803131 1.35683734792933
-1.09213725709277 -1.27817484565159
0.521764897090648 0.360265942292913
-0.448065474910274 0.366232414093087
1.21415360171355 0.197158553307305
-0.105624538684738 -0.604818850390082
-2.06460243481708 1.64376548753252
-1.75856215360979 0.550692566351164
1.59802548172242 -0.137809092531014
-0.366169089753276 -0.435148272614723
-0.753344614624479 0.714208601861596
1.2071223349829 1.54718887700874
-0.884195432620775 -1.60192815160315
1.10838268878556 0.423025340558982
0.123666046818083 0.956277333637481
0.134257957542813 -0.65407798968393
-0.979114843093459 -0.468692790713206
-1.30706623469276 -0.278812220951986
0.0285277806951502 -0.0789016584764135
0.456636045407176 1.93748071459255
-3.36510128005357 -1.51058515632564
0.0696707834583899 0.628526840494319
-1.21846236304062 0.1543820653208
0.813773739384705 -0.464502288160855
-0.329925807501345 -0.51060998613473
1.10057871343227 -0.476029492495464
0.705695348472876 -0.367201702593132
-0.238246021796273 0.489294032655328
0.00354709075114167 1.09807093542068
0.705265135762347 1.28863651199013
-0.339333195421908 -1.66269253159832
-0.054682361165364 0.558410561337558
-0.0716831474096442 0.470118763944586
0.0987822488472356 -0.265909293812135
0.905445342623788 0.966661603442111
0.922146914891514 -0.4641784697336
0.171121770634309 0.0295742859236975
1.15333740259649 0.0435364771215934
-1.64530700652387 -0.126775071389929
-0.314524732906991 0.446715807934031
-0.028001224714449 1.7011716889904
-0.463160452477817 0.0759897512537671
-0.0235491308759871 -1.06133185938211
-0.332804426559509 2.08949696407275
-1.70700380675329 0.205020345961859
0.359482221880518 0.0939094649813432
0.622611264948155 0.733296632739924
0.198334027801043 0.0925275890853725
-0.306216752615688 1.63669010260667
-1.90102755151812 0.50145723285935
-1.30184870635101 0.925354727179885
-0.600463062350726 0.304572166695487
-0.972465914137365 -0.185515277941878
0.442126651010912 0.0185284681233316
1.32480865636344 -1.57171001273268
2.44939305035777 0.969738620779462
-1.19548002993934 0.442163332504965
-1.26742434118255 0.111573008602701
-1.00440832436266 0.639158614535971
-1.27320189178134 1.17772673487721
0.587594382028718 0.334663265136932
-1.64218847220942 -0.524118052195935
0.00961118240541844 -0.355793075806821
-0.32473676222479 1.82368290729493
0.741621181177487 -0.0515792119954667
1.24916260826644 -0.520640369506333
-0.633396572261403 1.00439263883752
0.357730912623389 -0.771420614622975
0.664649338117826 -0.810595427614791
0.3796781659568 -1.0505645762662
-2.66683432094754 0.582486355272393
0.251368696655013 -0.989016202390051
-2.13796381050749 2.17162155928056
-0.223064573180471 -1.22760339056657
-0.563339315963721 -0.569853968790372
-0.526011804244174 -0.606153307006475
-0.832404152515837 0.697148329680775
-0.496664972630289 0.827152790702923
0.80645778805166 1.42031439655646
1.01714252497203 0.207417106102332
-0.0277438648316552 -1.33886700889762
-1.98071460284518 0.564954426775335
-1.42928345272336 -1.34869481944766
1.62156147044312 -2.27547629978608
0.889047851261304 0.526894279928733
0.373105001757236 -1.87152479984622
0.624572965482315 0.527906052408453
0.624902742043465 1.05807654818425
-0.649205115273392 2.52406349508107
0.798715140616359 -0.0922060134654003
-0.516749393397995 1.1824864089146
0.438058498982701 -1.02009457103054
0.105357135606645 1.64707470516886
-1.77639376658527 0.288569063790592
-0.434260954628995 -0.0428080630748175
-2.33690853896281 -1.35313260416827
-0.727182824028957 -1.14322065423195
0.221276607066733 -1.92553878653788
-0.512679820948081 0.298442995625229
1.5030367611934 0.776264846085712
-0.142263272364546 -0.505168406260842
-0.863295349724043 0.291655959672107
0.617212011053694 0.164140126465091
1.41754153628014 -0.247620782510682
1.25200169212197 1.36750874587007
-1.0388618367688 1.37593769936804
0.659066912118742 -1.38379144621613
0.427278694308324 -1.37684659599299
-0.817898509005442 0.871788526552503
0.17105714216152 -1.33426888428975
0.153042951652184 -1.34985018646427
1.62287124466331 -0.446205772193641
-0.0689139522047995 0.795172529099963
1.50285645101506 0.0464313908521108
0.243037668118076 0.589119145983732
-1.07618665368116 0.169810218724722
-0.424254843236337 -0.711487184112061
0.0470479850084211 0.849087716149138
1.89432486171157 0.384185911970421
1.11684441399781 -2.38749685226531
0.328976300836319 -0.195431524680894
0.398068163201321 -1.09645330848677
-0.564430649838195 -0.105305006951714
-0.243805172341207 0.662207161219084
-0.853430441882443 -0.7564015468319
0.151785957559481 -1.32243919306365
0.616524477122763 0.32597279458872
0.482966718089184 1.80122250500371
-0.507018475681598 0.447871101754514
0.398451656054238 -0.112825311233723
0.696802352740999 -1.92736022127423
0.723107509854501 0.670271069772149
0.281649042531684 0.13271353374614
-0.127830390737618 -1.03982775721556
0.379777371198823 0.379633265587396
-0.933800479445643 1.10837235314214
0.357046903161758 0.0787035357772635
-0.310445431914788 1.15292204856444
2.00698601011189 0.618002727861273
-2.73112591487766 1.16532831094986
0.0680517116582024 -0.624959058313308
0.767459206392196 -1.42731730437613
1.8183081400867 1.50491304213751
-0.414031523998506 -0.473035785347798
1.0887747227408 0.849740171164454
0.931817985806286 2.32017032843533
0.0642719982278472 -0.575613794185806
0.630307658801405 -0.764448092110545
-0.73862075964259 0.494650360999351
-1.52356684119882 1.44608975063093
0.223092987828596 -0.68694514172751
-0.614503827813227 2.02032350736067
-1.0731916509796 -1.51815644702736
3.06378594588034 -0.0238438544135766
0.265818808660632 0.377436025719094
-0.173954801601122 0.0189445139379642
0.476372830403103 -0.859110723114894
0.434317373358073 0.583838854835768
-1.02429287391216 0.0234633529224934
-1.06460772176505 0.106414106279075
0.711386052155663 -0.600181205152706
1.65149647096509 -2.02026874724345
-0.297317734884298 -0.6630456738439
0.619813123102124 -0.0359686154538547
-0.79079521248312 0.273951903995178
1.21216680866754 -0.459929431630046
0.851736897320432 0.419747631137383
1.16896077955944 0.145012892827754
-0.408589305714478 -0.235086066766153
-0.999984289215133 3.3857054033345
-0.617851547850092 -1.22455343631978
-0.131651480969743 0.559409200152382
-1.27243776600846 0.308427442339464
1.8879012720732 -0.552476333691039
-0.188170203081705 -1.44317751103671
1.51579960178138 0.287897239739317
1.09939756806932 -0.594034884171931
-0.715306117804904 -2.84426124852207
-0.329525493261523 -0.773947879033371
0.881468721041141 0.396070468406381
0.554243916361818 0.0255782750205344
0.371344155817953 -0.213300710226196
0.293403336014055 0.943319424321722
0.167476641749462 0.2381280171175
-0.53774747321666 -1.73971136173541
-0.938620348411665 0.0945224446855432
1.237382519384 -1.31597935065271
1.67500376254466 -0.286311652922619
-0.275264601092302 0.670441577121159
-0.0198030424891031 2.17175845050815
0.156618050491361 -0.862030479676216
-1.33082363689378 -0.971598005883039
-0.84698240038083 -0.361714922789496
-1.02132752514811 1.78338591382168
-2.56966033340221 -0.795696596020372
-1.52509611854329 0.204709526335166
-1.43929552360292 0.448922658018965
1.14872397268564 0.880584744956972
-0.629468235093686 -1.37822644488014
-1.02508657775632 0.397122162236581
-0.108846915712606 1.0341414533666
0.209196720205394 -1.46231434811844
0.461104055337176 0.988491393614884
0.698468751281908 -0.102603270283421
-1.09349242046624 -0.00335671033456629
-1.83576565154274 0.163358056845687
-0.506960977431268 1.24935577074096
0.0110221869335017 -0.502990330459892
0.991580098708116 0.886923702679258
0.231936227124407 -0.604522435985812
-0.822063104890241 0.373043227001087
0.0349446217308303 0.0747375448685518
1.41369255020418 1.10694888416128
-1.23549801098238 -0.176610661686636
-1.1749597799996 0.686920720237867
-0.353754360781201 -1.43364651986688
0.330074210376929 0.206365489095796
-0.979607859583717 0.639370045500286
-0.308398023391746 0.958454351131918
0.136671403290739 1.13682819872549
-0.61853468589974 -2.55449703946755
-0.469512882097387 0.0225092326997492
-1.57438756937667 0.435115404549824
0.247002804940058 0.0637903204404803
0.411278134162091 0.538977631474607
-1.69348352038008 -0.96117199941569
1.70164613791032 -1.59776425043406
-0.26935561539825 -1.07674313280594
-1.03245180117971 -1.19158485958814
-0.402193708215229 0.619525828585488
-1.77455004838187 0.970145091878158
-1.61520549261358 -0.348872228571215
-0.279635361914161 0.527098722476599
0.122539893357824 -0.811604106793008
-0.193863128513621 -1.12897720868121
0.58459764692886 -2.05448066142772
0.924425106859456 1.39021232023303
-0.245889360044156 -1.13383700422943
2.08362045125177 2.26435380620348
-0.479956701049078 -1.43680020051099
-0.683658952857501 -0.0892428677807378
0.604421642399602 -2.38854939697723
0.428559811030575 -0.492654350220877
0.90329692296031 -0.0368989522657257
-0.290487593602308 -0.216615640825454
0.197503070513389 -2.71832211054534
0.261914001632188 1.31428143742846
2.43878852393781 -1.13746239968398
0.509012167567245 0.835102552874952
0.685210348634693 0.184520226382361
0.52736795462204 -0.691602126621419
1.42580074115948 -1.76795225220537
-1.07949568794595 -0.434771913748011
-0.272427684131708 0.614649256856122
1.34589766690067 -0.621496449276868
-0.520305034509768 2.1528267909797
0.221922267193522 -1.00442098516318
-0.171401675594162 -2.01033875341331
0.435541667425567 -1.25944127202556
-0.656192293604024 -1.64057099271794
-2.41219764650054 -0.718534504926297
-0.768417803158782 -1.78978631604256
1.02539822598746 1.05315519263655
-2.62675926744389 -0.506510995106118
0.534150892973485 2.05425857775632
-1.16840461965895 -0.557876431320513
-0.299543457073765 -0.790761258908742
0.692381058779962 -0.541760450330839
-0.940002005230664 -0.272448959752166
1.17839828558122 1.00844501028172
-0.0388224563645437 -0.258110159037833
-0.323576769175789 -1.67920257223034
-0.533897831229068 0.793715450943387
-0.0436058498487119 -0.532598983092467
0.427873124444082 0.223386755966478
1.06771286393937 0.184410599750038
-0.687310578455081 -2.07261935050752
0.782890300783292 1.10837074913319
1.8486238060703 -2.65445909636229
0.885509593196462 2.26365921552033
1.30827404062451 -1.72000349543701
-0.555405930275119 -0.496835158279226
1.40328332113467 -0.0449124740429914
-0.957897075396015 -1.52868312746884
0.143700833514498 -1.7724785314447
0.209417138169259 0.599666285445824
-0.693947171306657 1.51244070750837
-1.65869463658835 -0.777999289573247
1.27158399195993 0.163714702842271
-0.657097307667175 -1.12989405577636
-0.0801247663831313 0.0682487072681821
-0.431618075611112 -0.369321353644854
-0.848587127095174 1.12502883535057
-1.225603146656 -1.53171466084394
0.168137650931997 0.411069218131357
0.170373383915335 -0.609818800992152
0.0109401296973529 0.53553592471103
-0.920602380826544 0.528013791240359
0.926950125553301 -0.865284153256686
-0.159873607559552 -0.145175972136811
-1.38998201631766 0.562949346139528
-0.859846230150443 0.301458167991929
-0.587618613833506 0.209108462163795
-0.673175243925748 -0.136834247214356
0.770940041014865 0.0163068946142277
0.896507820403497 0.104148049325058
0.211627488089409 -1.39146302892576
0.240702011209649 -0.0354894106605114
-0.103479970401633 -0.911659591640188
-0.999464728439288 -1.28585101600643
0.216702992032723 -0.675044811309989
-1.02534338456381 -0.324783573525072
0.613406207386323 0.560916200795328
0.207237686717722 -0.512225560656315
0.815229112635176 -0.16080864614938
1.03591840434769 1.48468813666263
-0.283128701743493 -0.196142658412347
-2.21349106613207 -1.31941792193688
-1.56218801545241 -1.84893345812273
1.32276939407209 0.338298197143439
0.0284196824694975 -1.40639158410793
-0.0699372464891664 -0.753885315763069
0.540393288729839 -0.381018312603205
-0.10701719451942 0.0182934623554981
-0.333106708067974 0.0239888347855192
0.548287332851331 0.367587036884106
-0.365307420108358 -1.65927960893065
-0.804383280487575 -0.731634832353337
0.925112173623183 -0.463415132650486
-0.1538958829886 0.0382476365102029
0.0405659803796007 0.412606553166786
2.05660845657227 -1.27619344393992
0.316022321661623 -0.816567259949528
-1.95692718245681 0.0811710743305977
-0.921082460678625 1.08359620247972
-0.113143957489427 0.919436649423109
-0.087600361600334 -0.26841159506324
-0.377919362929615 -1.67350275223965
-0.304779477022347 0.5506238485573
-2.14732906016315 0.912473977241017
0.63692464454222 -0.364282594165755
-0.00899792500758177 2.917745587344
0.505037037812366 -1.5866191063365
0.386057404779961 0.540878099789918
1.35219490417028 0.693922945711679
2.17903855274515 -1.52631915431373
1.10915726397697 1.18928997331785
-1.09376141146483 -2.30246159624859
-0.556702867375844 -0.472181868127346
0.176281725344732 1.32729267153209
0.817470212507226 -0.621968618577635
-0.960836546595947 1.06421404685246
0.352295327920433 2.36243099383764
0.734246198220402 0.322664826747708
-1.02795822808122 1.05573597556582
0.455189928256546 -0.281445551494687
-1.60395170605208 -0.328789722948315
-0.51228073788613 0.770280965176623
-0.512734972252296 0.595676635654091
-1.00019725103497 -1.39203451040053
0.86840942076167 -0.35462162319192
-1.2732659414 1.36202726185307
0.883479263963605 0.708842438461349
-1.09049994699858 -2.1276583880222
-0.258589767001554 -1.26304859881736
0.239665429717813 0.137648810211918
1.30156421500254 -0.0359238057822324
0.353510491796014 -0.642775412742871
-0.959610504459297 0.54291394423991
0.64605168395815 -0.921761765066064
-0.454153339998483 -0.296872859545016
0.659107977722383 -0.580412120627454
-0.324862006306312 -1.0360549673622
-2.05971517284037 0.00749049029623265
0.737765952792868 -0.31117174354032
-1.09391211675975 0.198977195853505
0.358280939707325 2.4898661805763
-0.965509541333273 0.186624294112401
0.895968757913687 0.630646189964355
-0.907138550222701 -1.18694889174473
-0.913973033771667 0.0277086594148833
0.140896899947903 1.39735175177029
-0.972699286433507 -0.131738010796564
0.547514755372531 1.09280746281582
0.0607243308902553 -0.321744333261014
1.22712759365419 0.756949294819834
-0.439169781949937 0.00848676949877575
0.360620686850133 0.34134925000722
0.648108712857917 0.943602097076325
-0.651312321807249 0.733103993806118
0.310672458661997 -0.202820968915475
0.395810969534194 1.74603521225431
-0.527199517025672 0.465297119478067
-2.12039802825039 0.201328710776381
-0.583399844491001 -1.27494926603218
-1.11069334459165 -0.349504997750524
-1.29973539026917 0.646172847512438
-0.963006872465392 -2.50982348984501
0.562646234573344 -0.770957684892127
0.855911899686228 2.52225322689037
-1.36847580714905 1.3257852210019
-0.691448110102743 -0.60962083019064
-0.157191309015945 -1.36440302560577
-1.10394251090381 0.746909106394542
2.37275148293579 1.81531681440337
-2.03128400565916 0.69927734028253
1.2281970822546 0.18422150453877
-1.16538356435679 -0.0730870569478975
-1.24853495065472 -0.0955103641648036
0.176112616481786 -0.151035639673176
-1.45424967272788 -1.42032881901866
-0.964597372811655 0.00130083010567913
0.206459710297361 -1.70689760593517
-0.974527840630136 1.91769516979639
0.281096529348724 -1.1736953162368
-0.155388367330756 0.501994183627493
0.245192888550583 -0.241670154378954
-2.39278858904356 0.782401192124879
-0.130259480388845 0.319433723944805
0.101078826773919 1.42386208578589
2.1718839777656 -0.338499976021754
-0.407616418097967 0.532573339573444
0.986524642541717 -0.975834532010719
-0.216804500260455 -0.140210450136538
2.40641197013513 -0.347634744638693
-1.00078887318174 0.42978315652376
-1.62743401907955 0.712825172273861
3.1452942972361 -0.386006458473167
-0.67339574524737 -0.316694514952755
1.69820113246557 2.17900259040261
-0.0205258852043137 -0.538121197456965
0.624652889705687 0.151216963031418
0.819005574237948 -0.401353453493741
-0.46474554687606 1.64645479337961
0.431420598042625 -0.0990486725506095
-0.913648569428816 0.655497623156679
1.27404405308033 0.00684172563866224
-1.61618400383752 -0.259358272057693
0.37140388695307 0.758715069105252
-0.667828498641507 1.96480520826901
-1.32503891460587 -0.656517804752268
-2.08606999052704 -1.35473712208374
0.0840093225839748 0.302357352214735
0.143031319520693 -0.784631196751485
0.91919120317698 0.347140886171945
0.631315594483162 -1.68041373081714
-2.34988797141911 -0.245565833837813
-0.629014798374466 -0.197876548833742
-0.171991337496407 0.216849281653885
0.610593043824964 -0.699049695053171
-0.604197873178275 0.376790925959849
0.102895724653294 -0.21437388762003
3.26456843772351 2.03637529324068
-1.12062905709693 -0.712810527118915
1.60667302357815 -0.339625309752805
0.105823092487544 1.09205366906058
1.70308580801139 0.15758957935844
0.287292593770864 -0.789392740515825
-0.697842390005202 0.306697540343545
0.357990737971446 -0.219999985535238
-1.64445917374548 -2.00436756942158
-0.329346561420011 0.550763288393888
0.236979393408451 1.00394564937618
1.48603079339124 1.19496593419906
-0.0951321339639718 -1.14228860572544
-1.30639216513261 -0.199768867841839
1.24549180085597 1.30822927873124
-0.777589332345867 -1.01833298167096
-1.43325583643652 0.00115434954723973
1.33365633443953 -0.582844234839111
-0.0999948311597178 -1.4330167563574
-1.1284795659081 -0.698084109569732
0.0360927226247502 2.28247056137906
1.37229679110132 -1.003954179733
-1.05088492562959 -0.712978652656764
-0.199033985669496 -1.56155130085284
-0.561475844362474 1.88289671253685
-0.925315096509764 0.109139852890414
-0.174298564998375 -1.31436415338419
-0.0464207887353154 -0.0110823775930429
0.707311224985701 -0.715387560125791
-0.473338997836456 0.883217232428515
1.7644245404451 1.11119977976937
0.429339941858293 0.038523319317336
1.948833823594 1.24577212565133
1.17899522446975 0.573092313027558
0.250729445622485 0.664667837509159
-0.38041642877791 0.426828555686009
-0.33068141617615 0.953114384755375
1.22411723340381 1.04051677198767
-0.632867047638785 1.43718429851424
1.82888311583683 -0.659080347367412
0.108838993204912 1.97982839394021
1.24483333850015 1.40202516409569
1.37611084507934 0.541548467145924
1.16543707651395 1.25353695474099
-0.285573560408461 -0.04305581867503
-0.211419632932819 -0.719406352139261
0.0159937949529696 1.15898788345648
-0.341584430774944 -1.50726597332061
-0.751736236766295 0.0515942862064913
-0.550012131839116 0.12737849534534
1.10881898664864 -1.72741164017049
-0.356370222423926 -1.37824441966684
-0.932868781154714 -1.73935682547501
0.438239262189363 -0.0667981952308049
1.65343964099976 1.40584325686594
-0.840719525052186 -0.163807989486758
-1.0940701741395 0.0811850235721672
-0.878521879134507 0.462066887609917
-0.208795716903556 0.556934980185536
0.250622654814521 -0.302292179846152
-0.557941028929982 -0.213834451595857
1.38227725710492 0.749326515599702
0.353306425751268 -0.295558577258893
1.32787717168072 -0.759759902668534
0.643324961385786 -0.789767858160471
0.154119972237023 0.813117913698505
0.326659352660091 -2.22593920953979
-0.634238856050888 -0.609479627748453
-0.623544147937111 -2.15572303763198
2.52236287778301 1.31681659412693
1.21788716417928 0.875176841560386
0.839404307081955 1.27674053209217
-1.29049983595089 -1.84525558900442
-0.293282421273315 0.374255887895769
2.07381568867577 -0.67700601010389
-0.166330211121285 -0.133775900306288
0.455759735613775 -1.36255691454752
0.776495960295065 1.10893370661162
1.82734725562484 2.15842462667421
-0.785930259596517 0.407117943813479
-1.1294500834204 -1.38839142279625
1.67391008723122 -0.881592741206481
2.83446175224571 -0.0220895334940541
-0.398153206162009 0.089058363922149
-2.72376371102603 0.595803429802192
0.754576212610861 1.0444053428109
1.14255299684299 -0.529775576281222
1.15721382761774 -0.0238979867213353
0.680666259468568 -0.0363942582196067
-0.360267463771369 1.60915261322464
0.287498893094813 -0.346835892748437
1.10516403272229 0.353709884690399
-0.604183754582118 0.217358770122593
0.4277770646263 -1.31034176220233
-1.31702917560526 -0.541501861309112
-0.695714562915667 2.52848956166467
1.39437403920792 0.0488933735387892
-0.155019367635483 0.439488785629366
-0.250932306023753 -1.46290705595641
0.0533414218050295 -0.0642248704493008
-0.921739810998411 0.260079684579325
-0.448243110348208 0.327744358158482
-1.84487302563631 -0.190391251033533
1.49450827923747 0.475273336180858
-1.18916949459976 0.122818142612346
-0.384138229927506 0.0723326238477255
1.67683719773955 1.3462740095529
0.569909977648679 0.138950014502271
-0.152576922751634 -0.978919804715968
0.0371890421676451 0.445694984306208
-0.721994427306327 1.14156045396843
0.137419349375923 0.89025047440021
0.303857124323915 -0.524669761880067
1.47745538619818 1.12090556113124
-1.15995377633068 -1.28558076092442
0.403686597812001 0.726849761283786
1.49235556326977 -1.81655030883921
0.660527860161039 -0.739436298063362
0.739328258639024 0.768089895844769
-0.186102861506979 0.225713107484675
-0.34866354648601 0.0174740703233894
0.202355351427264 -1.22439627644637
-1.38803612762533 0.30167801781776
0.668752999586754 1.16518968012141
-0.0334652264323344 -0.00200485207879452
-0.115674339593052 -1.01791489480178
-1.59453001027935 -0.0581398447321066
-0.972901669320061 -1.48982975117125
-0.409240313827674 0.784532541312311
1.17548403193143 0.58406022636093
-0.632288356206051 -0.453807608549706
-0.0241920294345478 0.878914479122435
-0.994130631206111 -1.56520072102555
-0.710259054833662 2.07253277990285
0.603046615003649 1.81591628184769
-1.0056161244778 0.300726584089961
0.881735240339119 -0.342997813840225
1.54408862707038 1.19428590143465
0.441278279683017 1.00214227827629
0.766288424642067 0.151131533865821
1.23554439065957 -0.390795435557383
0.319135564087557 0.945942529253639
-0.0469854903602131 -1.48654512753694
0.336371889673854 0.91249975990916
1.98895019172964 -0.662472871817666
0.831808550136472 0.00172647289373362
-0.824003976692198 0.641751222723818
-1.07148777632031 -0.147610376474758
1.4170034248878 0.453052098982442
0.678164120443618 -1.0866526671936
-0.983750983649298 -0.864393626356342
0.268090417873072 0.723857938279288
-0.472976173851125 -0.494256722871814
0.853219521755594 -0.236787363680745
-0.103357039008007 0.0115046598671484
1.96083997798162 0.305847292028143
0.0188818920887583 1.05057355119604
1.7195581902681 0.861515769427711
-0.0265119683839446 1.46154250645631
0.933354775722757 1.85339489702156
-1.32239619346851 -0.359757409699823
1.8150878703481 -0.759709199764374
0.659888662040014 -0.702914610746093
0.724150726782439 1.45937262614806
-0.27184445962674 -0.658740192244698
-1.05171387825742 -1.39188874783738
-0.500875421826612 -1.03711231083654
1.00961625759263 -0.860345228837185
1.02571778310273 -0.847057886454434
-1.39289417594713 -0.102295122159021
-1.4683988781373 0.938923460187613
0.623665475698063 -0.283081056588653
-0.742031252706191 -0.212760019678634
-0.512917076522921 1.53021166115967
0.838155141659529 -1.46308666862461
0.63376435240692 -0.340034495116017
0.679099977561407 0.893757267665663
0.173829523022349 0.755229436066188
1.66013380244658 1.03685392122063
-0.0103332257169855 1.86298351352731
-0.821493505314773 -0.482526443784341
-0.0266738401156913 1.51820418609011
-0.540597788449075 1.98197251237161
0.776871367110353 -0.169747924658341
-0.701878667868601 -0.792525371932503
2.43595624070046 -0.563871484178716
-0.994411522123696 1.75711690189177
-1.74306857842716 0.207559760815133
2.10461371050709 -0.630349448364413
0.374105289689648 1.7644594926994
1.48516440237163 -0.801869105165146
0.176139439491307 -0.542224225179372
0.709539883568985 -0.216861498193106
-2.02804126987397 0.257283754938757
1.21319019573507 -1.24397191787889
-1.3152702276308 1.46405095785274
-0.933360609210854 -4.52924420640947
-0.458249108109078 -0.0415650286126156
0.252476167346843 -0.352764565148542
-0.219721340839456 -0.250406468753687
-1.62627945466336 -0.09559140201627
0.371769902774905 0.286152486764551
-0.174841043885717 -1.35385134953712
0.58383037709387 1.59699781224412
2.1984116033551 0.873421804363159
1.46294726963733 -0.31732281786695
0.374050657925927 -2.36730415304371
-1.04843827796129 -0.790256443287666
-1.11791022966588 -1.625920028464
0.458668134281076 1.44211110081911
2.31603005938905 -0.218103027715019
0.675862875911522 -1.94968916234907
-0.0877976428905405 -1.33008675992253
1.46329858414691 0.631855876473805
0.722381407157589 -0.510446776671955
-1.02641619660038 1.57686871120692
-0.107724311590807 -0.131589109219529
0.512518482941539 0.937781990532512
0.714815152300622 0.249606273462428
0.352285934678664 -0.941952222697663
0.426070239382285 -0.218359957133778
0.0756472918129021 -0.463229956103639
0.57681081463753 1.80992982295015
1.37971425997406 0.590151689303847
0.729497620306289 0.264614481601781
-0.0659830171216586 -0.346859341048266
-0.446460358537806 0.135485982146154
1.38535647637901 -0.951342036245073
0.263421328860077 -0.172851542089636
0.914928404106212 -0.510796720491525
0.320220929632938 -1.13350186497266
-0.204239040098006 -1.78526325243386
-0.500420096933666 0.540092579251031
-0.26043895641871 -0.432872710527771
-1.21967308455825 -0.676665000643757
-0.663060253865198 -0.905290652803882
-1.04282023389412 0.475987085087556
0.317282752149172 -1.09939555041355
0.551234958625598 2.0073709652042
0.398076028234485 0.122654464989845
2.63460808842934 -0.895024287100285
1.03729857660614 0.0819676876681483
1.01441106842717 -0.734086686232122
1.91956502892416 0.505641271758198
1.32895688160377 -0.2502844182378
-0.389194435339474 -0.446319923683433
-0.248448978091585 1.29817191074637
1.11241578726657 0.292027771862952
0.252769603589978 -1.59412345927327
-1.08425462880378 0.364787065418215
-2.05826034487849 -0.0853699337458199
0.236475508772028 -0.318253734816123
0.114681723163678 1.97669847027476
0.0270158912103776 0.768977844345089
0.789399495817757 -1.75090030657342
-1.1789098727556 -1.25905112838854
-0.0361032578163392 -1.09652596435563
0.787295725599356 0.361303648007845
0.31710862390465 -0.22976452653689
-0.0229615205698326 -0.255856363181645
-0.951008957360447 0.133131317088226
0.722981655746727 -0.206005788434384
-0.510343236696508 0.653800165822175
0.712117301439445 -0.120876748335822
-0.89239678562835 0.260592271741196
0.772079484343045 0.11684921982928
-0.858164888417722 -0.683275439927478
0.826542982633921 -0.819936228682391
-1.47861444048084 -0.428775798509069
-0.440963403487839 0.794318715594086
-0.297806008983341 -0.142409168997397
-0.096791813257106 1.23230301387614
-0.368952060288003 1.63967170909747
0.113954705664772 -0.220702411668118
1.90251847067445 0.070945036752752
0.88608201426941 1.73209800187474
1.67191010257547 0.35436825078583
2.85496954532897 -1.99352693738465
1.21735424875002 -0.897950265643285
-2.73850886661739 -1.53009372639299
-1.53855045995956 -0.283920396778943
-0.622873968476585 -0.416752310309168
-0.136149510341953 0.309635352999689
0.814428650068358 1.83720036583228
-0.00526858364104193 -1.26289360186672
1.32273866255251 -1.36477149032852
0.277626925265191 -0.215897283219606
0.716225911148375 -1.01663205774299
0.308176156382783 0.267525110096636
-0.595989670517105 -0.218624803695854
0.0524090284291167 -0.859694518944065
1.26682200511997 1.66907189471252
-0.059599018008513 -0.240524868003698
-0.590691749545133 1.26607502241393
-0.175441375718462 -0.0764112283765318
-0.33715278724139 -0.78350214118767
-2.18396507905431 0.598567583989777
0.271288188109234 1.71859080301438
-0.452105675700461 -0.644165969809766
0.32878445956775 -0.619592450747382
0.900536205644152 -0.63971001971406
-0.316694652151421 0.270429865339953
-0.480471511106096 1.08302284031458
0.603381597874171 -0.169972034820405
-0.361358340557579 0.693758675477526
0.722271506519211 -0.0460623422626736
-0.622812149617185 -0.133778072934162
-0.489437374336181 -0.0932677106522323
0.244820653310608 -1.5629359323737
0.613763187947577 1.06664755510221
-0.341035160591432 -0.55854893292306
-0.33010149531146 -0.602042957954608
-1.61943646978131 0.584153735742524
-0.688585185319536 0.356495573674334
-1.34461506515148 0.832665086466296
-2.21520714255324 -1.32348650946244
-0.0118429620449237 0.157794740311631
-0.33319525500212 0.329188534308703
-0.0248011975045855 1.54341033422009
-1.07152752492981 1.84397243594156
-0.353799446930676 1.51973338136315
-0.744327223480082 -1.13745600263023
-1.51416114699709 0.528313588831018
0.276223652428425 0.0465698785724295
0.697068244725635 -0.526125210997926
1.31351279001112 1.0352121024871
-0.500533638064229 -1.53524570407349
-0.701979796678022 0.688754478258155
-0.563694616833458 -0.220594910859466
-0.926042844612733 -0.0366932567066185
0.638742629981732 1.43343704423258
-2.47312583710472 1.24906877252198
-0.57784178583194 -0.00275515297523779
0.624824904878184 0.910079636674958
