0.386664,0.167214
0.491396,0.140051
0.400258,0.134943
0.468044,0.153233
0.493066,0.141346
0.480334,0.108238
0.514787,0.118155
0.521007,0.0913005
0.469894,0.140984
0.448585,0.15066
0.42751,0.116301
0.456593,0.0934942
0.429472,0.159951
0.409636,0.16767
0.456972,0.145159
0.439786,0.139825
0.421941,0.162453
0.439856,0.101421
0.422031,0.154863
0.519156,0.117515
0.471709,0.142342
0.448174,0.137026
0.451317,0.144082
0.4181824617496,0.0306468810002679
0.423397318726365,0.0453204719830917
0.382598015713678,0.128378911743876
0.390165129958468,0.149437593877962
0.412353321027682,0.102318222803325
0.420235068410234,0.122700928022912
0.415025829882357,0.0503113607481997
0.427681386003919,0.062609026293056
0.376138672308089,0.117427641007339
0.38235080396258,0.0715846210804735
0.382322711718137,0.0854132409201735
0.375815611496994,0.134389324901411
0.422369142579752,0.08594801870944
0.407258324293873,0.0892634186420647
0.407027031481293,0.122217293223887
0.442647061026843,0.0977520432180504
0.402845032691881,0.0764587704113342
0.403833879696274,0.0550676588406774
0.388056338808949,0.0966002141334765
0.400617317707553,0.0973862596574087
0.43698272813899,0.0883939878079558
0.408970078388599,0.112666895698319
0.413312202971335,0.126029669605165
0.453264993018141,0.0761085521085921
0.394864962453779,0.0571278319041091
0.464359556756821,0.0928745584747826
0.385554256237227,0.116487054708546
0.427639247637255,0.093359305077943
0.400928205212722,0.0800032019959108
0.424886207681843,0.0995531659178666
0.45425571283883,0.0813162426801595
0.378933850630165,0.118325978748976
0.395883774518911,0.121192209810782
0.42965158874752,0.044143071403397
0.422345732376049,0.0438540023281178
0.441042993869148,0
0.409620882051528,0.0838389262640379
0.388116268930427,0.0885629820365806
0.426786179814336,0.111654042130706
0.425793587177351,0.0797374808074811
0.400262419019423,0.0659844636490079
0.449327396755383,0.0994708924118256
0.394378030216767,0.0566686567960695
0.387321258412691,0.0850674698339743
0.376037540228094,0.100580472939243
0.395975542517425,0.105772598252911
0.453320241098879,0.0696645353381385
0.389582684090351,0.0913158090765466
0.456251198602429,0.0876513026453156
0.41228028119213,0.109046861432515
0.433330736361403,0.0733434952231335
0.364785659920533,0.0813562676290443
0.39895332042838,0.110607834439023
0.361310649282936,0.0387508213453052
0.434900156417617,0.1314263668798
0.418816410065863,0.0945411528741805
0.353075876028551,0.077660630682014
0.374133822463008,0.0709531163314021
0.456833644470547,0.14390080928223
0.428276005177962,0.0353776075976247
0.413735459454276,0.0682703329519845
0.430761232403018,0.101039648047283
0.394803159516004,0.0921352087245494
0.390738211745105,0.0572278942763211
0.414122196019441,0.130933837647689
0.374876394124451,0.0566686567960695
0.434847717561323,0.11545196505822
0.417235753111871,0.0920084630530809
0.435091183679829,0.0947390540103331
0.434984433150946,0.124676603972031
0.383567198146961,0.0776773077440493
0.375473822522938,0.108738891686929
0.436828220794553,0.123993956232718
0.39988972857648,0.116470377646511
0.415048303677911,0.103055348945287
0.435243818207969,0.0887130755948986
0.385609504317965,0.0624689389719592
0.41772924020592,0.128441172775474
0.385633850929816,0.0340123121189986
0.431820310018518,0.107617081314019
0.396769616627013,0.116709415535684
0.424020966552999,0.074131764355337
0.394415486542691,0.126938013584023
0.410971182601087,0.114103346641629
0.373869755365244,0.0427388627800217
0.367953528685553,0.126216452699961
0.393507170639035,0.0442965003741221
0.396021426516681,0.113701985348645
0.417267590988907,0.0581695923792497
0.415545536404552,0.0760807570051999
0.427857430735762,0.0756838429287589
0.352486875303396,0.107484776621872
0.383790999694356,0.125529357744105
0.453562770809236,0.0551910690997388
0.40960028107227,0.146254498637484
0.418994327614002,0.0948769177231586
0.380037875836774,0.11497722469228
0.388782055123726,0.0523048255634901
0.398458896926184,0.0966480217113111
0.433528318480651,0.124105136646287
0.397355808127723,0.0597805965718631
0.383187016438832,0.0515376807098647
0.396696576791461,0.0388942440788091
0.391022879822127,0.10915137102127
0.404982852493992,0.0929668382180448
0.437085733035281,0.0894346364789608
0.391142740065084,0.0701103687965498
0.372420195551986,0.0919462020214823
0.412446025434343,0.0658710596271676
0.408219079053823,0.0643278754868312
0.387797890160073,0.0774916364533893
0.426414425779541,0.105123304637669
0.448862001905778,0.0549375777568017
0.398364319703226,0.0784889247631023
0.37062510113208,0.0145379508782697
0.362207728288815,0.125709470014087
0.398837205818016,0.0768790323746246
0.367308343471512,0.0910567587129311
0.381756184788536,0.149307512794086
0.421696801529417,0.058297449854854
0.419470959361385,0.0824980904763969
0.36857062165515,0.101335387947376
0.403661580597024,0.05589484111763
0.38414870760693,0.0540292337779438
0.436506096391607,0.09556512448315
0.382215961189253,0.128677987056376
0.403794550554054,0.058415301093237
0.381314200142634,0.0755982340103109
0.440226445964006,0.0546807510014576
0.417392133272604,0.066008923339993
0.44881143586578,0.0929757326511303
0.416667353365975,0.0707285318959929
0.351678755071586,0.0618807945841797
0.436950890261954,0.13555783104802
0.395804179826322,0.0584519906297147
0.412747548858031,0.0599451435839451
0.43058799689562,0.0916738100082385
0.381971558662599,0.0872165872282612
0.421665900060529,0.0526961806192527
0.38639515075422,0.0604432318367338
0.418903496023636,0.0897114757087473
0.40266805155189,0.0639720981634107
0.40966395682634,0.0794962193100366
0.424043440348554,0.0529007525802194
0.420426095672446,0.152874180461377
0.405113949634726,0.0781042405321539
0.404409770707355,0.0973151041927246
0.418876340187341,0.0628569586153146
0.411402866757361,0.0769690885096154
0.406742363404271,0.112920387041256
0.412217541846207,0.0954016892752038
0.399620979437975,0.0880693410003346
0.417892175223689,0.0937940204949974
0.378042390073175,0.086030292215481
0.43658850030864,0.0566486443216271
0.403836688920718,0.0937050761641423
0.370328259749132,0.119079781952973
0.436241092885695,0.067482063819781
0.386740685360869,0.129310603609583
0.41262487939063,0.0507182810618619
0.392035137030223,0.116603794142793
0.395313501956718,0.0830606633690556
0.402197038253396,0.106290698980142
0.3990666258143,0.0944566557598681
0.429028877329034,0.112258863580521
0.413910567777971,0.0905764593263134
0.360436044072611,0.0751479533353568
0.421506710675352,0.10632738851662
0.391355304714703,0.111617352594228
0.386677946014946,0.102241508317963
0.421706165610898,0.0966480217113111
0.383646792839549,0.059909565851603
0.418493349254769,0.0736603594018049
0.377383158736913,0.0854087937036308
0.410736144155914,0.0791960321934005
0.378122921173911,0.0766855784550147
0.470035,0.275887
0.426698,0.257651
0.458944,0.261102
0.38697,0.257362
0.492468,0.225162
0.420658,0.282111
0.499187,0.250481
0.485356,0.25637
0.44034,0.249779
0.423638,0.288581
0.441753,0.231801
0.400321,0.245681
0.472853,0.209221
0.418147,0.2485
0.428297,0.257041
0.424535,0.259425
0.432965,0.28394
0.363766,0.240621
0.466532,0.257368
0.479225,0.236693
0.4832,0.236353
0.462077,0.217066
0.433431,0.271202
0.463643,0.234593
0.482509,0.212469
0.407488,0.276659
0.471902,0.272139
0.437221,0.281643
0.355864,0.271261
0.417776,0.231708
0.49282,0.197547
0.486055,0.223171
0.43382,0.171453
0.362671,0.255416
0.412055,0.271291
0.424137,0.250715
0.446396,0.258774
0.4392,0.241349
0.40427,0.250514
0.503506,0.217989
0.425586,0.26702
0.476969,0.255343
0.472322,0.274691
0.431586,0.189276
0.44726,0.243908
0.444937,0.257575
0.437918,0.287255
0.476667,0.208367
0.410983,0.228247
0.419584,0.256218
0.465827,0.256216
0.458383,0.27305
0.338807,0.255798
0.393046,0.282525
0.492583,0.215779
0.424446,0.289433
0.49077,0.262086
0.464779,0.262958
0.412912,0.247458
0.473651,0.247521
0.463297,0.216924
0.455365,0.264053
0.469743,0.195986
0.453601,0.213116
0.465587,0.234483
0.392594,0.179375
0.49863,0.251985
0.428965,0.237014
0.376372,0.238747
0.392674,0.261121
0.459064,0.213527
0.435343,0.272989
0.485561,0.261472
0.502675,0.216281
0.381356,0.279473
0.480855,0.250616
0.463629,0.176669
0.400102,0.203594
0.48,0.245291
0.460829,0.243453
0.401474,0.191151
0.426353,0.272363
0.385013,0.198046
0.409412,0.278961
0.4843,0.192593
0.430116,0.221353
0.493885,0.225877
0.448284,0.213084
0.480434,0.203476
0.398786,0.257779
0.425803,0.272677
0.490506,0.236838
0.471932,0.2485
0.354579,0.304225
0.497626,0.226498
0.463115,0.193958
0.48015,0.203116
0.493052,0.220673
0.449918,0.198003
0.412929,0.20905
0.45901,0.161595
0.46847,0.226601
0.46774,0.213913
0.431466,0.268914
0.424832,0.193372
0.470918,0.254234
0.416115,0.295529
0.414724,0.266158
0.485655,0.232679
0.49035,0.225682
0.487967,0.210655
0.461236,0.234466
0.468986,0.181126
0.48075,0.243464
0.45669,0.20495
0.459791,0.20823
0.491156,0.267308
0.471213,0.26491
0.44714,0.239326
0.484753,0.241616
0.413665,0.278068
0.412689,0.250214
0.503393,0.23807
0.446313,0.234033
0.451955,0.248673
0.476122,0.272873
0.437879,0.267923
0.394739,0.181625
0.434307,0.214862
0.47839,0.244388
0.469772,0.178685
0.436121,0.227346
0.426228,0.211044
0.451007,0.227515
0.315373,0.234329
0.40587,0.193059
0.451741,0.245801
0.47549,0.199556
0.339261,0.255503
0.436401,0.234705
0.389668,0.264232
0.491611,0.188047
0.501001,0.253584
0.454851,0.206162
0.45473,0.262131
0.470563,0.247608
0.482788,0.252224
0.412489,0.17766
0.447599,0.186501
0.443366,0.270088
0.468324,0.236108
0.449018,0.277514
0.445242,0.187146
0.400343,0.209846
0.503935,0.207084
0.46791,0.231758
0.409107,0.258325
0.471987,0.211522
0.49771,0.26384
0.399158,0.270127
0.492345,0.242773
0.476778,0.212177
0.438944,0.2034
0.430961,0.182642
0.448512,0.165914
0.390045,0.202743
0.4362,0.248203
0.472776,0.234172
0.43252,0.272099
0.368349,0.273665
0.444838,0.209782
0.438014,0.24305
0.413504,0.182614
0.495229,0.256816
0.454816,0.270089
0.397153,0.20216
0.454588,0.271497
0.428722,0.256834
0.495199,0.244696
0.350764,0.220051
0.424127,0.290997
0.488623,0.267659
0.463637,0.227501
0.408894,0.283717
0.452459,0.261464
0.454677,0.20048
0.403368,0.245218
0.50032,0.236898
0.377462,0.275257
0.384527,0.201548
0.461901,0.273019
0.473379,0.237603
0.413348,0.22366
0.459192,0.235758
0.473943,0.218185
0.43681,0.285926
0.413285,0.239715
0.388158,0.203624
0.451,0.206339
0.457495,0.259816
0.434303,0.234479
0.495794,0.250571
0.412696,0.269354
0.385505,0.215995
0.506089,0.161737
0.417882,0.250771
0.399113,0.277227
0.506821,0.153835
0.481332,0.257883
0.397962,0.22153
0.447423,0.193807
0.44394,0.285393
0.475896,0.212365
0.493647,0.209288
0.44322,0.188541
0.437942,0.205338
0.430186,0.198467
0.325498,0.239941
0.499238,0.196393
0.483244,0.259921
0.42994,0.277256
0.39873,0.222989
0.385999,0.2736
0.46017,0.25345
0.361047,0.184899
0.487699,0.215057
0.48325,0.269
0.461493,0.262877
0.443285,0.274272
0.449601,0.210769
0.460451,0.215727
0.430762,0.204229
0.480761,0.252796
0.452422,0.219381
0.428415,0.250154
0.437762,0.270878
0.492512,0.153795
0.445618,0.238479
0.475528,0.245114
0.494538,0.221267
0.43435,0.263035
0.430978,0.211309
0.491926,0.264273
0.412132,0.284237
0.40989,0.250894
0.4737,0.254428
0.474562,0.246273
0.434304,0.247802
0.36597,0.223112
0.481542,0.267713
0.453618,0.245637
0.50036,0.259417
0.47859,0.170484
0.450842,0.232562
0.483456,0.195576
0.459176,0.198654
0.45505,0.194159
0.446573,0.211555
0.409296,0.256371
0.431346,0.234497
0.447789,0.23945
0.474573,0.275095
0.40234,0.221408
0.402691,0.205772
0.342606,0.291523
0.495548,0.242103
0.412052,0.231857
0.471726,0.242245
0.494455,0.241622
0.447565,0.270612
0.457044,0.247699
0.43218,0.188631
0.475299,0.256886
0.368853,0.237416
0.459685,0.269534
0.423742,0.232723
0.384746,0.268283
0.376644,0.202581
0.398653,0.217464
0.357517,0.255056
0.450506,0.282716
0.437039,0.206637
0.414056,0.243962
0.46085,0.205291
0.378063,0.226862
0.383236,0.212616
0.443032,0.249906
0.431682,0.276287
0.478862,0.221807
0.473029,0.231162
0.434481,0.175251
0.374153,0.22847
0.493029,0.222026
0.489009,0.188919
0.450975,0.247404
0.422602,0.287174
0.476056,0.253052
0.474664,0.236806
0.470309,0.2692
0.441369,0.197201
0.441231,0.285469
0.479503,0.256233
0.441427,0.252776
0.430134,0.271339
0.391323,0.219195
0.441358,0.193399
0.475418,0.272386
0.424385,0.193887
0.458499,0.181366
0.418055,0.188767
0.458663,0.26961
0.469981,0.240946
0.432959,0.25648
0.479082,0.22123
0.440615,0.236388
0.431856,0.227441
0.445855,0.267392
0.458485,0.203009
0.458344,0.258766
0.42507,0.260504
0.479295,0.234598
0.484545,0.259766
0.492864,0.211811
0.379703,0.198633
0.480305,0.257884
0.465666,0.173797
0.457921,0.275824
0.481394,0.271166
0.408941,0.223789
0.452689,0.215201
0.427656,0.248892
0.395047,0.299839
0.402982,0.265753
0.416155,0.235213
0.43012,0.226296
0.378399,0.254688
0.396349,0.26543
0.448342,0.269842
0.46928,0.225473
0.503226,0.206092
0.399848,0.231988
0.494541,0.231429
0.444629,0.244336
0.416385,0.236406
0.459353,0.277415
0.440403,0.279441
0.503157,0.240254
0.461687,0.251562
0.416865,0.275319
0.487053,0.249731
0.476579,0.226704
0.479876,0.227604
0.475844,0.196894
0.502764,0.234052
0.412909,0.225386
0.365227,0.309978
0.468074,0.221063
0.463084,0.191156
0.438762,0.221908
0.472237,0.240871
0.398985,0.294442
0.434741,0.273018
0.4742,0.274234
0.452883,0.263526
0.486009,0.263147
0.452953,0.173382
0.490847,0.264554
0.502465,0.187983
0.434329,0.282426
0.426438,0.232191
0.428852,0.176787
0.416012,0.274726
0.486526,0.21438
0.453202,0.247597
0.401934,0.252645
0.414863,0.259949
0.442264,0.23453
0.47963,0.262272
0.442141,0.181012
0.447139,0.27997
0.484193,0.220798
0.476626,0.245723
0.338335,0.28667
0.503157,0.226501
0.463693,0.252868
0.470886,0.267051
0.431641,0.208427
0.451382,0.262125
0.387936,0.224859
0.381845,0.272471
0.476674,0.159465
0.403168,0.211162
0.47659,0.187708
0.43986,0.226578
0.462182,0.25483
0.499199,0.22832
0.399366,0.270878
0.428716,0.216503
0.481133,0.26198
0.477461,0.238009
0.407582,0.294339
0.414304,0.277777
0.470554,0.261278
0.407245,0.229636
0.436859,0.201382
0.391419,0.275128
0.397361,0.252455
0.382466,0.295543
0.445325,0.233567
0.469078,0.257057
0.418614,0.281659
0.468252,0.26479
0.442094,0.279138
0.478312,0.262734
0.502418,0.190547
0.388848,0.223949
0.381238,0.282202
0.458079,0.25476
0.331301,0.289532
0.421994,0.209752
0.434241,0.254051
0.386004,0.266972
0.415419,0.271706
0.415006,0.231923
0.48861,0.248196
0.433146,0.204152
0.473332,0.219532
0.480693,0.216929
0.419476,0.221228
0.453946,0.281509
0.494678,0.230799
0.434896,0.24086
0.498274,0.258843
0.499688,0.265295
0.408198,0.292044
0.48864,0.225524
0.471095,0.250657
0.428299,0.284821
0.496639,0.21578
0.434037,0.222256
0.44169,0.191608
0.491936,0.193078
0.482955,0.230343
0.500124,0.258004
0.401375,0.210859
0.481371,0.203259
0.466641,0.168775
0.374467,0.27665
0.473415,0.173554
0.443654,0.19211
0.470911,0.212618
0.50038,0.235592
0.453246,0.264592
0.474535,0.245536
0.452019,0.17786
0.445026,0.249341
0.466015,0.268126
0.396012,0.273655
0.458359,0.262835
0.504501,0.175841
0.502877,0.1659
0.4738,0.260822
0.49599,0.225935
0.429657,0.216167
0.460379,0.224266
0.42042,0.259407
0.462156,0.208919
0.479238,0.19869
0.49775,0.215722
0.44961,0.237417
0.411857,0.258683
0.44025,0.166195
0.462349,0.237503
0.445683,0.261239
0.417456,0.281837
0.45131,0.215633
0.49077,0.191627
0.49629,0.185878
0.496804,0.245934
0.485155,0.266163
0.472182,0.254877
0.443046,0.191855
0.431087,0.276559
0.501877,0.233303
0.407578,0.294343
0.498224,0.241788
0.434667,0.168479
0.503624,0.222355
0.49378,0.25961
0.477672,0.223294
0.478044,0.233538
0.494911,0.230994
0.433786,0.276132
0.431509,0.2869
0.421714,0.210843
0.405416,0.213882
0.436392,0.240089
0.504672,0.216957
0.431412,0.188891
0.442587,0.284502
0.479921,0.244362
0.495729,0.184568
0.425612,0.209292
0.46742,0.218514
0.399295,0.234716
0.482195,0.23198
0.401939,0.242311
0.378122,0.247626
0.407874,0.248974
0.459783,0.253064
0.443925,0.234229
0.456613,0.199239
0.461113,0.205919
0.482577,0.238841
0.438688,0.201942
0.469807,0.257188
0.462399,0.264903
0.458457,0.262785
0.461157,0.203459
0.446558,0.260255
0.481357,0.218296
0.454193,0.277157
0.492511,0.263318
0.428074,0.217561
0.464785,0.227576
0.347262,0.242468
0.419344,0.219667
0.446988,0.263499
0.502237,0.255159
0.486877,0.184629
0.452385,0.262565
0.457697,0.245603
0.429365,0.176398
0.482911,0.250664
0.459468,0.255448
0.426395,0.282174
0.476396,0.204736
0.477809,0.207692
0.447491,0.253861
0.389837,0.226154
0.452434,0.247827
0.410823,0.282755
0.44739,0.271555
0.460876,0.253908
0.454631,0.243204
0.437014,0.284634
0.489369,0.25909
0.494581,0.240892
0.435161,0.275774
0.368279,0.295124
0.455971,0.25412
0.462518,0.236829
0.375401,0.2512
0.493619,0.21131
0.489403,0.228646
0.392611,0.264671
0.381019,0.278615
0.495585,0.230243
0.452938,0.192902
0.391719,0.194736
0.495739,0.154045
0.458003,0.208814
0.400043,0.188597
0.398779,0.273319
0.48891,0.265998
0.442186,0.196686
0.407037,0.293056
0.447113,0.241001
0.452641,0.17903
0.451069,0.24825
0.466022,0.161362
0.469459,0.243479
0.5035,0.210338
0.451606,0.176184
0.426648,0.278717
0.413253,0.235263
0.450903,0.217887
0.393215,0.242881
0.388718,0.271914
0.38739,0.268532
0.497631,0.182392
0.491061,0.220402
0.364047,0.216614
0.497165,0.261288
0.355094,0.216895
0.434569,0.240043
0.448036,0.210302
0.501771,0.228399
0.447996,0.256279
0.47038,0.207068
0.316727,0.280963
0.443755,0.164128
0.40429,0.265293
0.393051,0.271751
0.448813,0.263621
0.43782,0.224758
0.490474,0.151573
0.43318,0.247144
0.464024,0.274813
0.339009,0.272142
0.459008,0.237674
0.462422,0.192441
0.492014,0.228136
0.484284,0.258843
0.455372,0.211539
0.496883,0.257118
0.410714,0.203798
0.501389,0.25043
0.482778,0.236595
0.415588,0.185759
0.489622,0.234762
0.414611,0.276082
0.457967,0.246755
0.345403,0.287175
0.434977,0.279571
0.437841,0.286135
0.381722,0.263627
0.431094,0.236101
0.436735,0.22424
0.449914,0.232128
0.466249,0.248789
0.414836,0.214804
0.497563,0.209306
0.498697,0.262933
0.534707,0.241105
0.510204,0.185444
0.562092,0.297472
0.558031,0.240653
0.619729,0.297405
0.546648,0.255744
0.548436,0.28465
0.584602,0.214517
0.533599,0.215932
0.60042,0.243912
0.544151,0.217246
0.618639,0.289202
0.561421,0.325445
0.587427,0.294972
0.579227,0.319312
0.591723,0.323501
0.544497,0.281433
0.544314,0.176239
0.518808,0.278123
0.578532,0.218543
0.559502,0.27291
0.566876,0.303152
0.55356,0.257119
0.545634,0.30322
0.617755,0.216897
0.516775,0.234015
0.630473,0.187012
0.545786,0.28011
0.536092,0.265776
0.530349,0.222862
0.541103,0.203755
0.523504,0.221769
0.516322,0.274491
0.519173,0.154203
0.591525,0.31488
0.565162,0.250647
0.508036,0.235132
0.546205,0.238346
0.567395,0.319122
0.514116,0.254998
0.520605,0.210765
0.568809,0.326889
0.520942,0.235232
0.526408,0.215889
0.561088,0.192542
0.515798,0.213928
0.516663,0.232263
0.554487,0.31911
0.510282,0.201047
0.623255,0.303801
0.542206,0.272198
0.540943,0.27462
0.591078,0.266023
0.586618,0.303399
0.567939,0.249831
0.553959,0.288022
0.516724,0.260065
0.565456,0.2373
0.525369,0.21354
0.534882,0.293086
0.630019,0.30832
0.561676,0.16624
0.577503,0.263415
0.546204,0.274215
0.612845,0.2991
0.523226,0.276779
0.551966,0.224903
0.508579,0.254232
0.637021,0.286775
0.584411,0.259996
0.511713,0.270633
0.517273,0.276135
0.516431,0.278533
0.541537,0.270983
0.550641,0.217241
0.507508,0.242058
0.549422,0.294998
0.542125,0.223927
0.547075,0.288995
0.588082,0.284802
0.605322,0.238645
0.548035,0.30472
0.573046,0.340697
0.522515,0.16378
0.542851,0.292716
0.537087,0.214858
0.51326,0.263893
0.547254,0.284103
0.568235,0.286286
0.56159,0.242205
0.552963,0.28043
0.508986,0.266622
0.573295,0.339037
0.513319,0.228797
0.545794,0.235968
0.562907,0.288419
0.584678,0.305284
0.548018,0.247465
0.581657,0.332286
0.636787,0.298963
0.546034,0.265389
0.521314,0.239638
0.535345,0.191516
0.553885,0.182644
0.523521,0.276247
0.517714,0.250476
0.536791,0.187256
0.567857,0.248827
0.534615,0.258182
0.613336,0.290134
0.566689,0.190817
0.521925,0.234145
0.510595,0.247622
0.580216,0.333994
0.541961,0.254054
0.57614,0.301336
0.5839,0.259012
0.525435,0.182316
0.589757,0.304009
0.592027,0.249871
0.559173,0.222098
0.509453,0.263133
0.508497,0.260791
0.534056,0.228946
0.527939,0.19601
0.558027,0.305111
0.532947,0.185065
0.508361,0.192418
0.615662,0.319636
0.599595,0.175397
0.542336,0.204152
0.518698,0.248298
0.614844,0.320096
0.516419,0.271001
0.526771,0.271691
0.558712,0.280599
0.57395,0.252737
0.549994,0.16508
0.547272,0.248911
0.560809,0.184882
0.60378,0.322019
0.556962,0.156022
0.513667,0.15054
0.518299,0.238551
0.516477,0.250874
0.569677,0.3239
0.560398,0.31105
0.520134,0.263202
0.56199,0.287252
0.506836,0.260323
0.545682,0.237874
0.536253,0.233481
0.540001,0.286785
0.612672,0.196308
0.536623,0.268306
0.527913,0.195276
0.519764,0.176413
0.538363,0.2593
0.52072,0.280207
0.579118,0.239893
0.523773,0.276317
0.588684,0.153872
0.598183,0.263767
0.596253,0.241331
0.541134,0.292305
0.517164,0.259707
0.604974,0.179803
0.617351,0.179642
0.537864,0.200906
0.563888,0.214099
0.541486,0.292579
0.547685,0.215997
0.545675,0.2711
0.581079,0.265282
0.5126,0.224918
0.552289,0.221078
0.509533,0.229121
0.51572,0.230225
0.573449,0.26181
0.520073,0.231883
0.573918,0.161015
0.575766,0.240353
0.548949,0.262752
0.545524,0.233709
0.561118,0.272792
0.547044,0.242733
0.525293,0.217597
0.531271,0.188842
0.523134,0.246416
0.523275,0.260219
0.562623,0.266363
0.512152,0.268315
0.639863,0.295784
0.527678,0.279677
0.537641,0.280835
0.536948,0.202507
0.528558,0.231287
0.525583,0.234785
0.575606,0.268886
0.555657,0.206288
0.549105,0.268391
0.555357,0.284818
0.545078,0.159941
0.542426,0.17142
0.507243,0.244799
0.568011,0.263974
0.525295,0.245454
0.560525,0.289611
0.512683,0.254129
0.527186,0.271595
0.53212,0.237006
0.565064,0.223366
0.508452,0.239313
0.544975,0.209683
0.553887,0.235645
0.513538,0.271709
0.548957,0.245552
0.517344,0.259686
0.517207,0.267253
0.538939,0.288092
0.538762,0.249329
0.542,0.25551
0.566947,0.258512
0.504908,0.264661
0.543553,0.223761
0.505615,0.254616
0.567737,0.230459
0.571882,0.29938
0.545551,0.259471
0.558762,0.230682
0.540814,0.275304
0.555047,0.234191
0.536347,0.285537
0.519006,0.273087
0.581224,0.210431
0.560546,0.24691
0.517531,0.196708
0.550345,0.209096
0.555415,0.232256
0.548777,0.270812
0.540792,0.262342
0.536756,0.240369
0.575415,0.280596
0.559816,0.213515
0.566319,0.261392
0.568525,0.239337
0.567249,0.290393
0.542929,0.209188
0.562325,0.29309
0.516203,0.225386
0.535058,0.274925
0.512619,0.23506
0.539751,0.228476
0.515093,0.261693
0.542424,0.231111
0.531302,0.238364
0.586781,0.203371
0.584061,0.273025
0.633392,0.212185
0.644166,0.277003
0.534718,0.18874
0.514327,0.273791
0.54142,0.209018
0.571713,0.256281
0.609973,0.315919
0.528541,0.273598
0.538357,0.233274
0.518276,0.273773
0.512685,0.266819
0.550265,0.295347
0.60266,0.247922
0.529729,0.288848
0.556404,0.317452
0.543728,0.255666
0.555257,0.207697
0.522022,0.244567
0.543425,0.211187
0.525473,0.236509
0.570977,0.275093
0.504025,0.25464
0.542319,0.293472
0.582161,0.338188
0.509469,0.240001
0.515464,0.269518
0.521965,0.159446
0.558579,0.239456
0.515009,0.212238
0.510715,0.232763
0.576253,0.294149
0.559929,0.310923
0.557629,0.210697
0.613247,0.225426
0.536879,0.279535
0.592531,0.322247
0.570414,0.326329
0.553965,0.318586
0.519815,0.237142
0.573205,0.294649
0.553618,0.269514
0.565891,0.201384
0.630648,0.299665
0.505422,0.262433
0.574361,0.310982
0.596743,0.283242
0.533138,0.229166
0.556098,0.238002
0.537213,0.251079
0.625168,0.273288
0.531376,0.213338
0.511673,0.259134
0.502737,0.264535
0.625764,0.28265
0.506503,0.254837
0.570146,0.253143
0.577965,0.309235
0.536125,0.211795
0.562916,0.18761
0.526069,0.289681
0.565761,0.322808
0.509718,0.181424
0.593464,0.303941
0.523124,0.195665
0.525649,0.151126
0.598939,0.323994
0.555747,0.248059
0.518275,0.280109
0.505833,0.264642
0.573485,0.267585
0.532456,0.230027
0.516737,0.212628
0.519546,0.245246
0.531263,0.257989
0.557842,0.31589
0.625456,0.27244
0.54211,0.265975
0.599726,0.249149
0.523636,0.268384
0.559467,0.2674
0.540853,0.176326
0.592888,0.152624
0.540039,0.299935
0.550959,0.299523
0.558096,0.197381
0.513791,0.236286
0.528162,0.151905
0.521084,0.153513
0.641249,0.206491
0.561799,0.252889
0.548552,0.271677
0.590876,0.267812
0.517499,0.197207
0.578071,0.301785
0.543763,0.266243
0.541969,0.293941
0.524942,0.249731
0.523291,0.282675
0.527356,0.257813
0.514165,0.221997
0.543523,0.244373
0.570838,0.324553
0.556017,0.199656
0.53461,0.190997
0.566455,0.286262
0.573745,0.332464
0.576718,0.243052
0.549973,0.278211
0.516123,0.168921
0.538589,0.297914
0.544413,0.281376
0.524523,0.22587
0.529248,0.199074
0.540624,0.270925
0.585212,0.235389
0.534728,0.20813
0.509882,0.183208
0.513718,0.233177
0.585831,0.243056
0.517899,0.169165
0.51424,0.219227
0.547398,0.243431
0.552961,0.205533
0.52989,0.278525
0.533475,0.195783
0.639205,0.300848
0.528045,0.162886
0.559225,0.285768
0.511173,0.191263
0.538159,0.264648
0.5501,0.260048
0.539056,0.248075
0.584737,0.202693
0.533565,0.145743
0.518623,0.242577
0.509413,0.199546
0.552524,0.309141
0.527783,0.213325
0.580426,0.262392
0.576908,0.219577
0.559498,0.203571
0.567158,0.325997
0.591709192082032,0.166142451016689
0.572558709045253,0.224965784227724
0.634175301598336,0.251805847867393
0.607005419181235,0.205929473816457
0.591028423358364,0.224048545815781
0.572383600721559,0.269173340270991
0.577697716962022,0.273081331807938
0.569595913664667,0.236239478163611
0.629379019063771,0.190547663599199
0.595629932998124,0.294873804671579
0.554955172269134,0.209251544573895
0.590643559609495,0.212021048675897
0.561117674291776,0.243320558703814
0.547910573770983,0.21666505455067
0.557317730026789,0.246538119872498
0.580446074876694,0.232027964097621
0.567053565542577,0.191951872222574
0.622316628810807,0.227588530183815
0.584754488766099,0.253156689892255
0.563624438904238,0.243964293298378
0.586550519594153,0.20523237262338
0.605896711933885,0.234020317108776
0.596848199998801,0.159726229349628
0.589797983051761,0.222099553165918
0.579612671624885,0.205571472884765
0.603768256213255,0.217106440792538
0.597623545945428,0.198186869815518
0.580081812107083,0.227600760029307
0.58751782921114,0.253435752730313
0.591179185070208,0.187664755475357
0.578783950413817,0.216860732078551
0.626365657643188,0.211230555935422
0.602886159737746,0.207945174714461
0.611325069968417,0.269286744292831
0.599518836037181,0.218544003539984
0.598928898903878,0.273312587068161
0.53879276763294,0.213801047097135
0.60594353234129,0.25003474387924
0.531379224324438,0.202850888164734
0.583026815732855,0.216126941348996
0.644602206327422,0.241368230641544
0.585774237239379,0.238643198704971
0.591976068404241,0.260082117853462
0.613912365681615,0.234039217779082
0.53049619144078,0.240945745069983
0.636544414213027,0.221098929443798
0.635012450482737,0.268289455983118
0.57301848544597,0.265857940338367
0.601265237233386,0.282926357429464
0.593318877688615,0.25194593518849
0.575970043928779,0.233458856020253
0.582494935904735,0.215835648665446
0.579737213908582,0.207031271714924
0.565649889728576,0.227167156416388
0.568332699072881,0.21067131845517
0.545370098465189,0.2398839721204
0.562237618436902,0.201563418975606
0.589395327548079,0.216887415377808
0.614137103637159,0.253055515715907
0.609001841352982,0.230724929650593
0.567184662683311,0.255415875895975
0.572117660807498,0.22867809823679
0.598845558578697,0.235798091921742
0.589032001186616,0.276442315710126
0.557644536470475,0.249691196401312
0.547767303324324,0.272261932159935
0.56110550098585,0.177831959699324
0.624693232690683,0.218148201267679
0.577268842030193,0.257687291745188
0.589047920125134,0.199774526121282
0.567070420889243,0.20611959232366
0.605050198968003,0.203814822350376
0.62765040962238,0.197520899138241
0.595436096511468,0.22264322538827
0.545247428997788,0.295547557977806
0.582204649378824,0.217207614968886
0.597818318840232,0.259518433156668
0.596359394945493,0.211390655730961
0.645463701823673,0.207283651253726
0.609095482167792,0.260872610593937
0.546959183092514,0.181963423867544
0.566451455103349,0.174277521877526
0.561574641468048,0.238180688184524
0.595429541654431,0.2345039519078
0.554753844517293,0.266734041997289
0.562469847657631,0.25835993324728
0.56159336963101,0.214302470762331
0.61942312763318,0.208815717352705
0.542614249285333,0.234741877992838
0.546048057964413,0.243937609999122
0.580251301981889,0.190361992308539
0.588987990003656,0.218505090395235
0.616980038774788,0.225577276502353
0.559017310815589,0.234639592012354
0.620322079455355,0.286848802420175
0.579988171292273,0.184754052248124
0.597302357950629,0.291014732516602
0.59647457314771,0.231194110995854
0.567807374101797,0.166445973545732
0.577338136233152,0.239939562327184
0.557588351981589,0.228923806950777
0.569859044354283,0.257059122408524
0.606689849635325,0.240518812281878
0.571066074457183,0.313139634816814
0.592624999250873,0.260444566001697
0.568063013526228,0.275791910290748
0.622180849629332,0.185696862155188
0.617047460161452,0.251626847401547
0.569839379783173,0.236468509815563
0.597756515902458,0.237397978072999
0.584033454492062,0.26518641064041
0.611534825393591,0.240697812747724
0.60881081409077,0.189571499568064
0.59885398625203,0.189770512508352
0.600975887115623,0.194471220394046
0.592269164154596,0.260347839041892
0.575633873403611,0.260133260843704
0.559169008935581,0.243288316383879
0.544959951696322,0.232508263484239
0.595614950467754,0.230120108200778
0.561158876250292,0.180697078956994
0.628761926094174,0.221838279194031
0.572031511257873,0.201214312477
0.613937648701614,0.233883565200086
0.587885837613343,0.217234298268143
0.586595467185262,0.235295556452411
0.580220400513002,0.221280153517915
0.539948295287695,0.265506610231489
0.600521729163795,0.183672266824098
0.622776405211523,0.245971099763297
0.566203306944103,0.238572043240286
0.578656598905676,0.183579987080836
0.552757422345545,0.244477946809067
0.6383563639796,0.225413841294407
0.59991306386753,0.218728563026509
0.610016907785522,0.265784561265411
0.57092467682682,0.207421514966551
0.619555161182062,0.247813359216134
0.589228646897717,0.204648675452143
0.569093062489137,0.219918193451696
0.564845515129359,0.246481417861578
0.591314027843534,0.17168701824137
0.590511526060613,0.256446518329759
0.526468699995805,0.230754948362257
0.60463817938284,0.214469241382684
0.580851539604821,0.252784235506799
0.580801909972971,0.218473959879436
0.574098164040728,0.227413976934511
0.584594362972774,0.255234651821858
0.579232489916757,0.183655589762063
0.594524034975219,0.256199697811636
0.57753103631166,0.275040330695022
0.55910065114077,0.219199967980041
0.574954977496239,0.248266975303495
0.596075663276619,0.235425637536287
0.591023741317623,0.216841831408245
0.560709400339204,0.201715736142195
0.621901800001198,0.229588665823919
0.586617004572668,0.248908486289787
0.593005180959002,0.222880039669172
0.565426088181181,0.218336096166611
0.612297998034292,0.28361345238532
0.607364999910105,0.182458176707926
0.525136191201059,0.22450772092382
0.590328926471734,0.221510296974003
0.598865223149807,0.247121817043735
0.571899477708991,0.211770892745367
0.597835174186898,0.268218300518434
0.598692924050557,0.20711243341683
0.558163306584522,0.251699114670367
0.608688144623369,0.147775446695107
0.600180876597887,0.247248562715204
0.590219366718406,0.225354915675215
0.623415971976675,0.225493891192176
0.596056935113657,0.258483343506341
0.620542135370158,0.220173908402904
0.612553637458723,0.183292029809692
0.595902427769221,0.229704293454031
0.57326476078892,0.202063730836666
0.587639562270393,0.242361071734715
0.535478819196816,0.156955613443491
0.592923713450117,0.246329100694989
0.575642301076944,0.26976926728772
0.597572043497282,0.203260032086667
0.587898947327416,0.223306972457276
0.611475831680261,0.199579960397537
0.641070074792792,0.237647022199393
0.592309429704964,0.265359852085578
0.46934,0.293355
0.388433,0.35108
0.43337,0.295312
0.522128,0.290695
0.478312,0.319946
0.450206,0.364217
0.38457,0.343872
0.405863,0.384728
0.566698,0.337311
0.528917,0.346187
0.432374,0.342813
0.475443,0.348937
0.502764,0.290126
0.524606,0.362342
0.411575,0.317003
0.476366,0.296295
0.554802,0.358472
0.445136,0.323369
0.429441,0.364985
0.46473,0.352769
0.484839,0.332243
0.506802,0.306562
0.492897,0.281579
0.52419,0.338819
0.474807,0.276927
0.477279,0.304134
0.448051,0.303656
0.516877,0.305787
0.413307,0.308006
0.443061,0.318939
0.509534,0.273704
0.458487,0.287246
0.469529,0.323168
0.538419,0.339115
0.467328,0.308134
0.428077,0.317543
0.514319,0.305167
0.487743,0.307606
0.446098,0.32869
0.420223,0.317115
0.448046,0.304081
0.509908,0.310787
0.485979,0.337099
0.448338,0.295899
0.522123,0.321199
0.532138,0.356975
0.48478,0.273508
0.400818,0.302752
0.51598,0.341424
0.522526,0.351445
0.48257,0.3252
0.521425,0.331284
0.463005,0.290886
0.454905,0.319169
0.464932,0.282816
0.438592,0.312786
0.519481,0.33686
0.436784,0.379947
0.437294,0.334245
0.464693,0.313303
0.507268,0.276989
0.444235,0.371766
0.511069,0.323069
0.425888,0.373696
0.516456,0.283825
0.467032,0.295791
0.475728,0.287781
0.499743,0.282012
0.411811,0.32187
0.492694,0.353398
0.408557,0.315084
0.473388,0.288602
0.542475,0.351093
0.49366,0.302617
0.511533,0.290499
0.510666,0.287181
0.416635,0.302009
0.37986,0.313232
0.4778,0.29698
0.530423,0.328116
0.513569,0.278431
0.510139,0.286435
0.510682,0.290479
0.445239,0.340555
0.444853,0.347412
0.518198,0.306469
0.444602,0.348633
0.42511,0.332738
0.463281,0.316886
0.520657,0.295146
0.482795,0.302124
0.485096,0.353379
0.459459,0.311625
0.48443,0.302957
0.482699,0.298842
0.402497,0.313341
0.476236,0.360615
0.480755,0.291945
0.406779,0.309356
0.427496,0.357932
0.482995,0.284272
0.542992,0.31148
0.422713,0.339644
0.484969,0.314207
0.50367,0.27866
0.45691,0.35188
0.486035,0.300111
0.546645,0.355919
0.471774,0.326122
0.487536,0.272437
0.481698,0.347931
0.484471,0.275975
0.538283,0.351633
0.497516,0.313727
0.541727,0.327925
0.482134,0.296232
0.496726,0.278284
0.50521,0.338139
0.464703,0.417008
0.432555,0.302561
0.491297,0.326627
0.524784,0.353874
0.483688,0.30599
0.454192,0.350086
0.541788,0.333686
0.529605,0.307919
0.398042,0.305665
0.463355,0.294234
0.535555,0.304069
0.43598,0.361298
0.4838,0.313607
0.445327,0.314947
0.472727,0.322139
0.475318,0.350236
0.450485,0.348063
0.472232,0.298799
0.425222,0.296883
0.433547,0.299172
0.44578,0.322264
0.433924,0.290676
0.481191,0.277271
0.465008,0.342353
0.507098,0.313689
0.499633,0.278262
0.50097,0.337261
0.522984,0.308018
0.490736,0.380963
0.475064,0.340452
0.419676,0.311441
0.421695,0.303907
0.447462,0.298851
0.527696,0.330875
0.504191,0.273531
0.468499,0.332028
0.347033,0.349791
0.49659,0.277166
0.476827,0.324863
0.516011,0.287048
0.452788,0.412534
0.440321,0.320984
0.432424,0.374379
0.473254,0.330523
0.553048,0.336239
0.493526,0.291194
0.547018,0.337325
0.508769,0.327953
0.406307,0.305094
0.497568,0.311835
0.494731,0.288164
0.488796,0.340445
0.559385,0.345866
0.492431,0.268918
0.431595,0.34059
0.495611,0.315564
0.484502,0.31914
0.489538,0.325263
0.420182,0.327742
0.348002,0.366999
0.401075,0.339301
0.50752,0.303459
0.524771,0.326689
0.386454,0.324014
0.519621,0.298164
0.430508,0.313765
0.534661,0.319804
0.420103,0.321069
0.509843,0.299042
0.459182,0.347687
0.459393,0.381699
0.503141,0.286247
0.437064,0.302373
0.539455,0.314749
0.474512,0.382627
0.502038,0.272135
0.45926,0.321908
0.530795,0.328045
0.379396,0.313452
0.450976,0.336857
0.497067,0.35065
0.492338,0.287039
0.524519,0.359533
0.559521,0.355008
0.341371,0.339254
0.503092,0.348499
0.475382,0.27911
0.491913,0.274377
0.470934,0.302769
0.489659,0.29512
0.518745,0.300405
0.500784,0.295805
0.486717,0.284225
0.520386,0.299587
0.547484,0.361209
0.487734,0.301467
0.472293,0.343326
0.536048,0.308627
0.512852,0.386736
0.466741,0.283656
0.521052,0.330457
0.503504,0.274147
0.374649,0.375489
0.494956,0.285409
0.449884,0.349031
0.530081,0.337818
0.50631,0.32669
0.428236,0.360746
0.512064,0.356262
0.533445,0.308033
0.426098,0.37655
0.509715,0.346121
0.405358,0.375698
0.490331,0.364111
0.475026,0.2841
0.477018,0.299241
0.478652,0.323891
0.37679,0.343798
0.554853,0.359671
0.471745,0.325865
0.50495,0.320396
0.50881,0.341606
0.488305,0.363433
0.442872,0.286887
0.485197,0.338306
0.467301,0.305417
0.538724,0.352243
0.43962,0.295837
0.492613,0.372926
0.461388,0.335631
0.494235,0.366194
0.451488,0.283641
0.481057,0.301771
0.461125,0.281651
0.500351,0.315977
0.442624,0.335392
0.445043,0.301358
0.42555,0.295678
0.54006,0.352016
0.402785,0.309034
0.454832,0.337309
0.516664,0.343777
0.392882,0.328814
0.382111,0.327393
0.471701,0.286999
0.420695,0.325524
0.401942,0.38954
0.442282,0.347018
0.498027,0.346559
0.549545,0.348852
0.4522,0.300677
0.500741,0.299181
0.456886,0.342613
0.479796,0.276317
0.478541,0.294156
0.457652,0.339568
0.512128,0.378033
0.511912,0.321527
0.434738,0.344422
0.511712,0.378228
0.474382,0.287853
0.502272,0.371107
0.462323,0.301627
0.523756,0.356906
0.50546,0.339842
0.545805,0.314646
0.500755,0.337996
0.547282,0.349577
0.450049,0.3613
0.501523,0.295634
0.511415,0.367085
0.514284,0.310589
0.498603,0.302145
0.45459,0.303652
0.495807,0.271792
0.505214,0.292532
0.509442,0.292896
0.457602,0.307423
0.485224,0.28667
0.382888,0.319438
0.498866,0.331899
0.488885,0.298652
0.485416,0.292367
0.497858,0.28313
0.43491,0.314805
0.513619,0.284142
0.416826,0.311095
0.478765,0.312066
0.538423,0.314563
0.480383,0.281259
0.450372,0.30534
0.517822,0.300418
0.447596,0.287457
0.514345,0.316452
0.444688,0.3079
0.441459,0.339114
0.52472,0.302537
0.409882,0.30779
0.434788,0.330824
0.477259,0.397618
0.535814,0.322741
0.492466,0.306083
0.405398,0.370593
0.382497,0.399996
0.425711,0.329992
0.459794,0.28444
0.466871,0.305811
0.509689,0.319222
0.479803,0.360492
0.35572,0.357455
0.507762,0.307241
0.506532,0.295399
0.517277,0.29257
0.533977,0.343451
0.495633,0.306931
0.512653,0.352536
0.543629,0.354657
0.458624,0.307986
0.443147,0.324364
0.512761,0.351631
0.514716,0.284923
0.421264,0.358658
0.487474,0.290198
0.538365,0.355163
0.450864,0.325027
0.45435,0.298536
0.416273,0.341765
0.406238,0.317712
0.440714,0.302212
0.460779,0.332545
0.50115,0.305369
0.487094,0.340692
0.440518,0.316309
0.485161,0.282976
0.442412,0.291848
0.527842,0.346243
0.349522,0.334679
0.513897,0.323565
0.471688,0.305983
0.509018,0.289738
0.531865,0.309645
0.474912,0.289223
0.432169,0.311572
0.448755,0.30803
0.432742,0.330368
0.435617,0.290312
0.50566,0.346875
0.550162,0.342077
0.496386,0.306143
0.403541,0.325983
0.529687,0.307885
0.501793,0.296186
0.476556,0.370325
0.506731,0.280876
0.524256,0.311836
0.441049,0.418684
0.442756,0.301214
0.476741,0.368073
0.490538,0.28734
0.465993,0.406724
0.448573,0.295387
0.48728,0.339342
0.453486,0.318213
0.498874,0.349555
0.469673,0.295387
0.438175,0.342427
0.450973,0.371341
0.499606,0.276535
0.514742,0.298365
0.432831,0.340951
0.527194,0.342451
0.507681,0.323479
0.416325,0.305819
0.425069,0.34612
0.474453,0.353318
0.491898,0.275375
0.507645,0.294293
0.373105,0.362938
0.506385,0.295734
0.487527,0.2717
0.483772,0.331303
0.447101,0.291118
0.509722,0.287026
0.434321,0.362637
0.49506,0.29017
0.465803,0.299032
0.415324,0.366759
0.523389,0.355052
0.468263,0.282556
0.48233,0.292956
0.511507,0.314942
0.420575,0.308967
0.372543,0.338014
0.534758,0.327085
0.492101,0.324236
0.508466,0.305092
0.460645,0.284493
0.452879,0.29789
0.479172,0.305552
0.489673,0.331501
0.436906,0.346394
0.468499,0.36841
0.470007,0.316139
0.465333,0.296134
0.530552,0.309981
0.509409,0.317672
0.439968,0.294391
0.510747,0.317401
0.484058,0.383306
0.485668,0.284723
0.476924,0.338782
0.430685,0.297028
0.538955,0.356899
0.530105,0.325671
0.491697,0.290798
0.426792,0.383109
0.467353,0.304745
0.521926,0.291356
0.505388,0.308767
0.500143,0.321202
0.502273,0.347762
0.445703,0.312227
0.508467,0.372324
0.448044,0.369235
0.355728,0.328953
0.460689,0.288475
0.462962,0.368187
0.4658,0.284244
0.443888,0.351562
0.428962,0.318115
0.485928,0.306436
0.396138,0.306124
0.477493,0.380445
0.498516,0.330314
0.462085,0.285432
0.405223,0.302529
0.531919,0.334906
0.470992,0.277026
0.46034,0.340015
0.403784,0.301814
0.406856,0.330738
0.499957,0.302723
0.391215,0.322176
0.52148,0.332759
0.41767,0.363659
0.549176,0.358283
0.446835,0.297464
0.435468,0.370495
0.42117,0.409896
0.516279,0.351754
0.526042,0.36857
0.468631,0.315757
0.484264,0.272394
0.427858,0.363304
0.506622,0.342141
0.497736,0.289789
0.528015,0.332074
0.502128,0.333843
0.519153,0.350235
0.464224,0.36342
0.48035,0.341243
0.528383,0.370396
0.551298,0.325168
0.475176,0.366748
0.403174,0.301016
0.382086,0.336183
0.4519,0.303812
0.506569,0.332432
0.461169,0.334321
0.509058,0.350099
0.438185,0.371054
0.416331,0.311834
0.462792,0.27986
0.497766,0.277892
0.517372,0.332533
0.512679,0.287504
0.480575,0.318248
0.496059,0.343083
0.511671,0.309052
0.421974,0.365962
0.513569,0.287462
0.453398,0.299545
0.507119,0.33654
0.466428,0.300523
0.519322,0.350892
0.526043,0.302073
0.42728,0.371549
0.495304,0.269693
0.510617,0.295735
0.411812,0.328456
0.477018,0.280489
0.479845,0.312291
0.432635,0.323975
0.542673,0.320305
0.474149,0.291105
0.535192,0.324661
0.423278,0.299477
0.500449,0.298048
0.428484,0.353334
0.462594,0.352566
0.416762,0.32741
0.504904,0.334611
0.508337,0.313362
0.463001,0.305701
0.468205,0.340953
0.485417,0.292251
0.549204,0.332185
0.49073,0.288079
0.463688,0.326203
0.47357,0.287093
0.533854,0.327039
0.497416,0.279935
0.476201,0.274901
0.553448,0.357798
0.483173,0.36679
0.528945,0.30396
0.511258,0.279047
0.432468,0.291512
0.499727,0.299968
0.560057,0.352662
0.531171,0.372987
0.453184,0.283851
0.499104,0.303299
0.500959,0.387683
0.500321,0.306319
0.437648,0.328133
0.436171,0.390311
0.490047,0.304188
0.4395,0.317874
0.483244,0.301023
0.505105,0.301199
0.56923,0.343774
0.482539,0.276581
0.466361,0.307013
0.480988,0.305499
0.406169,0.343824
0.543395,0.310202
0.45953,0.286796
0.436327,0.36112
0.457703,0.32291
0.438956,0.306176
0.510632,0.327214
0.538053,0.358276
0.536589,0.359929
0.488598,0.292142
0.519075,0.326852
0.347193,0.32403
0.375101,0.356592
0.506266,0.334805
0.488751,0.339915
0.49912,0.311402
0.497305,0.323815
0.519586,0.32145
0.430309,0.33961
0.443897,0.289361
0.523343,0.29367
0.470994,0.304266
0.485411,0.326589
0.503701,0.272513
0.490182,0.319016
0.458054,0.294503
0.46267,0.304175
0.431415,0.352727
0.431992,0.377334
0.497064,0.343108
0.487393,0.275539
0.478362,0.314334
0.486558,0.323298
0.387832,0.332551
0.561053,0.348835
0.548939,0.331219
0.406614,0.305075
0.437902,0.339526
0.49835,0.300608
0.447283,0.394559
0.503063,0.309472
0.517079,0.29158
0.420243,0.320493
0.527184,0.333649
0.461077,0.3004
0.519833,0.28555
0.48163347786481,0.400772036791822
0.512552738506901,0.387454846854539
0.453942952517365,0.420070732979113
0.492950906742738,0.387978506602449
0.485071032176482,0.404544388224215
0.45427537740994,0.389501678268343
0.480167999113034,0.391121576894042
0.508875463709315,0.38491437440449
0.519591,0.384856
0.560179,0.456733
0.629175,0.489552
0.62211,0.467836
0.580525,0.459109
0.597717,0.427458
0.570275,0.404653
0.548347,0.381218
0.579728,0.423867
0.623189,0.508769
0.577624,0.409077
0.569036,0.430721
0.610169,0.458472
0.586189,0.410102
0.571567,0.392061
0.591373,0.491919
0.599328,0.427459
0.540431,0.477401
0.595841,0.436895
0.589234,0.417006
0.551327,0.461706
0.580204,0.440375
0.565666,0.408302
0.591915,0.438104
0.586782,0.433716
0.610262,0.45002
0.542903,0.478925
0.612741,0.46787
0.596409,0.492251
0.528067,0.504336
0.59286,0.43
0.550834,0.45529
0.542491,0.4027
0.563383,0.381431
0.615576,0.458218
0.551635,0.369761
0.547505,0.45613
0.609989,0.460295
0.580767,0.418205
0.52879,0.469262
0.483821,0.46627
0.594026,0.425611
0.551815,0.433958
0.608078,0.460841
0.579641,0.406511
0.578475,0.492982
0.594696,0.414487
0.541924,0.419898
0.576963,0.414215
0.57581,0.446341
0.667125,0.566224
0.477229,0.462107
0.609813,0.523295
0.503729,0.485305
0.583716,0.524039
0.557554,0.409589
0.539837,0.455244
0.606846,0.434084
0.614481,0.467901
0.471245,0.424303
0.557187,0.490217
0.54764,0.471457
0.548144,0.381052
0.552578,0.37571
0.602725,0.468595
0.579206,0.562924
0.560311,0.463778
0.537047,0.468173
0.578142,0.416299
0.550422,0.413542
0.566739,0.4088
0.610149,0.436976
0.610399,0.456394
0.597506,0.469495
0.580973,0.370753
0.576029,0.394504
0.555525,0.409244
0.567658,0.452468
0.6031,0.437906
0.476331,0.420172
0.568798,0.490137
0.595838,0.432035
0.544165,0.457062
0.584141,0.421155
0.576806,0.368061
0.536676,0.389437
0.541004,0.396782
0.567793,0.487563
0.640081,0.515844
0.572948,0.398186
0.538081,0.381931
0.560255,0.471452
0.557718,0.367027
0.529991,0.436689
0.557681,0.440245
0.558572,0.402707
0.581919,0.395379
0.456921,0.470072
0.573227,0.37257
0.600629,0.465438
0.567926,0.497214
0.558548,0.389078
0.578641,0.41588
0.566943,0.392454
0.582534,0.41711
0.610359,0.478493
0.577787,0.400833
0.588342,0.44774
0.591156,0.457123
0.627141,0.495988
0.604499,0.449253
0.569665,0.3757
0.547578,0.453234
0.5766,0.45197
0.616932,0.501275
0.549269,0.481384
0.567514,0.382388
0.564112,0.443479
0.563587,0.497897
0.588848,0.424938
0.5664,0.434881
0.55181,0.430666
0.568201,0.371104
0.596585,0.428136
0.601766,0.46408
0.565412,0.414447
0.591668,0.418702
0.564116,0.420291
0.595906,0.432082
0.590254,0.416143
0.577575,0.424238
0.56113,0.420013
0.58602,0.433069
0.587012,0.383415
0.532261,0.440582
0.579557,0.438144
0.538376,0.48409
0.570118,0.454184
0.601452,0.490413
0.578226,0.426925
0.561826,0.389446
0.531165,0.44124
0.650013,0.53284
0.588346,0.41712
0.578442,0.419886
0.616805,0.499373
0.590288,0.478218
0.572882,0.423607
0.608014,0.455947
0.512577,0.390615
0.576293,0.453325
0.570733,0.384592
0.584919,0.439098
0.637041,0.50876
0.577018,0.425475
0.575983,0.389582
0.632765,0.488183
0.542814,0.455114
0.605559,0.427355
0.593955,0.426022
0.545045,0.399183
0.563013,0.420787
0.648542,0.523153
0.593922,0.542316
0.589737,0.484278
0.576084,0.507195
0.581167,0.43042
0.565787,0.465047
0.635804,0.528035
0.580461,0.455968
0.578323,0.441687
0.581086,0.432212
0.627827,0.506704
0.636586,0.517465
0.526998,0.475114
0.603418,0.522149
0.608821,0.499196
0.568164,0.462231
0.567571,0.437638
0.614557,0.50294
0.619171,0.457751
0.479159,0.468522
0.575338,0.440341
0.589739,0.443982
0.579343,0.413664
0.61986,0.457177
0.606065,0.455976
0.635442,0.55606
0.528044,0.419545
0.535776,0.484246
0.558145,0.405194
0.612587,0.445843
0.603425,0.423189
0.560243,0.431907
0.582785,0.381272
0.574144,0.422463
0.599093,0.475868
0.608132,0.55748
0.614096,0.446209
0.595523,0.43256
0.584451,0.483644
0.525472,0.422784
0.520718,0.432572
0.648626,0.519966
0.602079,0.430318
0.562798,0.390169
0.597959,0.433251
0.586571,0.495179
0.546363,0.39401
0.573985,0.441328
0.567122,0.51431
0.488327,0.435695
0.563225,0.395207
0.56239,0.378174
0.580853,0.399881
0.619319,0.475245
0.577728,0.413532
0.562148,0.448389
0.560805,0.408811
0.604898,0.469738
0.60354,0.457046
0.589839,0.405995
0.562683,0.403949
0.57099,0.37124
0.568922,0.354886
0.589216,0.392455
0.587595,0.523204
0.59401,0.428399
0.566997,0.477597
0.600727,0.489938
0.569385,0.474045
0.554354,0.48101
0.561553,0.387965
0.603521,0.443772
0.527516,0.394331
0.573145,0.551612
0.584023,0.428955
0.573749,0.478641
0.557625,0.401895
0.584233,0.37619
0.596234,0.404124
0.568189,0.408667
0.60616,0.441641
0.566092,0.400356
0.579704,0.382869
0.609421,0.479649
0.592791,0.416126
0.540779,0.405438
0.613892,0.454847
0.57367,0.361525
0.558951,0.426912
0.611565,0.464836
0.616019,0.466277
0.592032,0.397769
0.634942,0.532495
0.608024,0.485066
0.513103,0.419515
0.59169,0.474079
0.594221,0.430691
0.612773,0.450159
0.561172,0.404617
0.602145,0.466723
0.597326,0.440877
0.587834,0.413797
0.614646,0.562713
0.616526,0.501749
0.563542,0.413156
0.570285,0.471996
0.601791,0.432841
0.58231,0.456033
0.548738,0.388177
0.61743,0.482587
0.619093,0.517011
0.580208,0.55363
0.568024,0.447469
0.538719,0.553652
0.623394,0.49231
0.469255,0.458714
0.575293,0.396466
0.553002,0.41076
0.570014,0.48162
0.599793,0.416296
0.566864,0.462173
0.550705,0.438301
0.552313,0.385412
0.589629,0.4615
0.567283,0.434122
0.542376,0.44193
0.596448,0.419566
0.599701,0.432771
0.53471,0.437116
0.550628,0.52798
0.620204,0.459648
0.576849,0.43367
0.561087,0.423069
0.614646,0.453532
0.59652,0.518802
0.605593,0.480464
0.6076,0.512258
0.595926,0.48022
0.627206,0.484277
0.567528,0.42149
0.534655,0.429974
0.546035,0.479095
0.586379,0.442484
0.597933,0.477315
0.549921,0.371264
0.587391,0.494284
0.602263,0.455681
0.593968,0.431421
0.513046,0.435531
0.626644,0.482875
0.604178,0.422807
0.571872,0.432191
0.614003,0.444801
0.579975,0.482011
0.616483,0.494086
0.584167,0.435988
0.564624,0.405122
0.576553,0.422269
0.583258,0.493638
0.578766,0.379535
0.596589,0.402841
0.633499,0.521783
0.613529,0.448973
0.543282,0.472214
0.558666,0.394969
0.592578,0.431945
0.6133,0.478223
0.641306,0.523549
0.537971,0.382191
0.564959,0.452324
0.636872,0.546187
0.551975,0.487259
0.582068,0.392769
0.549949,0.441795
0.578181,0.375584
0.521449,0.387645
0.626741,0.48524
0.600258,0.458314
0.600584,0.453882
0.608927,0.454551
0.562366,0.487973
0.536261,0.451761
0.553448,0.438716
0.598477,0.443274
0.574387,0.44326
0.589606,0.461922
0.594557,0.479476
0.602396,0.459139
0.538026,0.378667
0.603375,0.458287
0.580486,0.41517
0.610598,0.46346
0.566296,0.377885
0.526009,0.414883
0.484067,0.411314
0.569704,0.583348
0.575133,0.38193
0.528963,0.382101
0.604055,0.418856
0.52943,0.387895
0.577342,0.408912
0.561446,0.387325
0.60269,0.471655
0.578094,0.445306
0.593504,0.467263
0.620703,0.465214
0.576643,0.381734
0.62183,0.515675
0.515833,0.389825
0.60213,0.424771
0.612069,0.454618
0.623826,0.501095
0.604181,0.449351
0.582702,0.40751
0.599056,0.455573
0.521268,0.386028
0.558752,0.410164
0.557325,0.419004
0.591687,0.419465
0.644554,0.557231
0.606587,0.459234
0.552377,0.440795
0.589835,0.38747
0.577844,0.380753
0.584771,0.439125
0.584464,0.433587
0.540338,0.60115
0.522831,0.453797
0.567438,0.464459
0.615322,0.470948
0.516375,0.419824
0.614107,0.441889
0.578672,0.450587
0.588384,0.515134
0.558749,0.370895
0.581083,0.395647
0.580457,0.396452
0.580285,0.416756
0.601639,0.510371
0.556395,0.402727
0.594814,0.475245
0.539018,0.396673
0.592851,0.408983
0.52827,0.393097
0.550298,0.517868
0.586425,0.457717
0.533284,0.438285
0.625538,0.50582
0.583605,0.445556
0.634814,0.4963
0.588869,0.422109
0.641636,0.513787
0.565656,0.423889
0.570668,0.482847
0.552709,0.467151
0.553043,0.372328
0.571544,0.406597
0.583943,0.461855
0.516488,0.39575
0.580705,0.485569
0.541791,0.452794
0.571237,0.458367
0.628175,0.49674
0.600791,0.422538
0.593111,0.446241
0.518461,0.452162
0.637278,0.518166
0.49222,0.446761
0.606898,0.489342
0.587422,0.46871
0.590104,0.443981
0.574053,0.442505
0.518192,0.415207
0.583496,0.461838
0.536855,0.445371
0.508679,0.470358
0.604351,0.493576
0.642615,0.565047
0.550768,0.451866
0.583187,0.429023
0.578377,0.40025
0.574384,0.442017
0.551685,0.403804
0.617894,0.463324
0.610566,0.437178
0.584639,0.45423
0.525648,0.395934
0.571618,0.359778
0.570539,0.421049
0.580034,0.458099
0.552567,0.420184
0.546459,0.368177
0.564757,0.366914
0.490661388820635,0.425713138967734
0.49934001953722,0.444547101026306
0.499414932189067,0.435281325359474
0.510042228261847,0.483419109022402
0.525439587441044,0.444196882723564
0.525171774710687,0.450544172534213
0.475069256746633,0.444194659115293
0.493276776778276,0.497557922215959
0.51469149471716,0.482573026075142
0.512118245126183,0.481766968076768
0.529596303210456,0.404410971727933
0.552221796884832,0.451837200744019
0.500226798053469,0.452767780805591
0.49110243705839,0.41955040864361
0.498335253594309,0.416337294691469
0.529314444357879,0.441242819135039
0.504171885581412,0.411211877625942
0.55815956095193,0.422009719391754
0.538011803237425,0.456494548268421
0.498974820359461,0.471560606111143
0.530637589071143,0.474244501294696
0.515877923840801,0.452828930033054
0.519189999460629,0.46676428306978
0.550937981313788,0.467581459109512
0.501589271908954,0.43754162316733
0.490859907348032,0.45086993114597
0.523970363056676,0.488444463715716
0.502294387244473,0.41478966333459
0.484651521326134,0.414909738181244
0.480320633641174,0.474780390888098
0.489829858385123,0.476841675755665
0.572521252719329,0.455636235475669
0.477744574825753,0.475557541978945
0.526802061296528,0.437357063680805
0.53376238306135,0.492398039222226
0.513760705017949,0.490332307138116
0.548779560532419,0.429536633390369
0.526118483348416,0.460878391975443
0.472934246168967,0.479146445728949
0.487346503976363,0.438705682097396
0.463506488933903,0.454083045098111
0.507763010829373,0.473916519074668
0.541844521787596,0.452391991007728
0.505029635445071,0.414986452666607
0.538833033183308,0.460165725524466
0.481213030606313,0.411618797939605
0.497874540785444,0.424852602566711
0.515303905646017,0.461895692759598
0.50272419858445,0.516129498498509
0.50541449919394,0.490726997606286
0.515153143934173,0.413936909562516
0.520541236418336,0.476888371529364
0.519225582970257,0.452506506833704
0.499292262721666,0.437334827598092
0.526361013058773,0.466912153019827
0.523581753675215,0.434450807670114
0.504485582311025,0.467322408745896
0.488098439719287,0.419688272356435
0.497051438023265,0.401786002163571
0.526615716075056,0.475132832799111
0.503707427139955,0.396716175304829
0.517949258664397,0.479347682277509
0.486487817704556,0.427589864348777
0.485212429806845,0.431461166349247
0.47962300957084,0.43557372984716
0.526966869130594,0.42571425077187
0.516633605216318,0.457887638850439
0.497275239570661,0.452743321114606
0.53816724699001,0.468555399532375
0.530395995768933,0.465019862380884
0.50910956574634,0.496925305662752
0.482506210258838,0.470124155167832
0.515574527600817,0.455515048824879
0.483991353581724,0.445993558206838
0.506007245551687,0.413707877910564
0.498567482815038,0.431460054545111
0.506814429375348,0.450142811241229
0.502755100053338,0.460136818616938
0.521069370613864,0.431333308873642
0.517968923235507,0.439754113397351
0.494834023528566,0.458579181022838
0.525077197487729,0.405214806118036
0.503706490731807,0.452659935804429
0.545493704340739,0.421727321141289
0.504013632604383,0.439400559682202
0.501593953949695,0.457468488691284
0.518885666812496,0.407213829954005
0.514588489820869,0.481024282914128
0.571202790046805,0.473724176959193
0.510570362457375,0.46209359389575
0.484437083860219,0.436611043105758
0.535720412499026,0.484344130063295
0.512047078106927,0.453937398756336
0.512173493206921,0.454593363196392
0.512874862909847,0.460748310891567
0.50253223491409,0.455169277738679
0.531257491265185,0.449800375567437
0.496199306608494,0.486087438948055
0.496421235339594,0.478289244740333
0.52205166276122,0.447994805651078
0.530333256423011,0.505928695553562
0.513566868531292,0.430339355976336
0.514118412930523,0.461349796928975
0.509775351939638,0.423137088785343
0.514793563205302,0.439152627359943
0.512797141033555,0.453536037463352
0.525552892826964,0.431760241661747
0.57072241266683,0.413488852495833
0.502372109120765,0.474849322744511
0.502703597605192,0.487738468089554
0.542235940393501,0.501815020251512
0.520062731854657,0.477722224631131
0.539769441331407,0.493797800629059
0.517325610837763,0.427985666621083
0.50061072539419,0.424817024834369
0.527504367407603,0.444026776690804
0.549611090967931,0.439541758807434
0.484991437483894,0.438369917248418
0.510078748179622,0.456269963833011
0.509338049334476,0.430152572881541
0.487148921857115,0.474201140933404
0.490155728420661,0.446193682951262
0.469151157250646,0.481491240651117
0.468455405996608,0.468597648089531
0.497159124960296,0.45193503950796
0.552173103661131,0.483857159851863
0.526265499427667,0.455995348211496
0.50788755311307,0.432680815486097
0.526808616153565,0.44464938700679
0.488632192363704,0.474542464803061
0.525691481232882,0.453262533645973
0.525635296743996,0.458282329318609
0.559949036922948,0.519374854770585
0.521091844409418,0.443815533905023
0.509211634234482,0.438827980552322
0.493226210738279,0.412089091089001
0.552377240637417,0.500424153277765
0.498222884616537,0.426884980526751
0.48610669958828,0.4831822947415
0.517568140548121,0.417425750940308
0.483063373106957,0.455180395780036
0.510464548336639,0.502203039894868
0.483393925183236,0.458213397462196
0.4937580905664,0.448993205764927
0.539895856431401,0.46306864612275
0.525023822223288,0.433883787560913
0.491917112147236,0.457873185396675
0.551246059594513,0.517287998407896
0.512654806995044,0.466976637659697
0.497977545681735,0.425684232060206
0.502520998016313,0.465551304757743
0.551329399919694,0.43621079361691
0.537223347576725,0.468914512268203
0.499467371045361,0.490015442959445
0.546189455594776,0.410484757721202
0.495613115107784,0.459191785101602
0.486277125871234,0.445976881144802
0.510348433726275,0.439626255921747
0.529070041831225,0.479180911657155
0.522776442667849,0.443228501321379
0.508137574088613,0.462954130296774
0.537494905939674,0.45503252582999
0.469555685570625,0.467205669311649
0.513835617669797,0.410045595087605
0.48890000509406,0.455440557947787
0.53609310294197,0.493489830883473
0.543466380700104,0.456522343371813
0.51346948208389,0.42664260722517
0.489017056112573,0.448101538848104
0.546417939182913,0.484463093105814
0.536308476816032,0.45324252117153
0.54222189427128,0.482593038549585
0.495072807606331,0.453203608026781
0.526029524574346,0.40464111518402
0.513074317845392,0.480910878892287
0.536712068727863,0.414541731012331
0.536519168649355,0.495946918023346
0.518591634653993,0.465043210267733
0.556676290445341,0.423525108428698
0.472541891154913,0.480576225847445
0.611655,0.355574
0.670183,0.388225
0.638402,0.436236
0.646776,0.354766
0.695454,0.322042
0.617841,0.366261
0.674654,0.385649
0.612644,0.433791
0.680456,0.342669
0.628585,0.393065
0.660748,0.455801
0.653768,0.451242
0.664532,0.370514
0.660343,0.39099
0.613916,0.372374
0.649036,0.391075
0.646747,0.386255
0.704727,0.378524
0.625155,0.396958
0.681353,0.360504
0.702428,0.401648
0.681067,0.411501
0.604529,0.349544
0.632515,0.362314
0.611474,0.402307
0.64306,0.403943
0.667712,0.395631
0.629228,0.404092
0.665693,0.427498
0.605558,0.405272
0.656631,0.425018
0.648718,0.366176
0.717215,0.440397
0.727307,0.261941
0.677972,0.440503
0.619008,0.338441
0.655004,0.406538
0.651525,0.38109
0.590609,0.374763
0.644425,0.440859
0.727096,0.340431
0.743545,0.361804
0.660149,0.445786
0.612541,0.426038
0.764712,0.279408
0.662179,0.377879
0.65283,0.335362
0.650152,0.325998
0.715482,0.344496
0.705405,0.470237
0.642183,0.334822
0.715187,0.412197
0.604311,0.375486
0.665701,0.379358
0.644339,0.375412
0.62704,0.321968
0.651864,0.473767
0.6816,0.491803
0.655647,0.487088
0.665323,0.534502
0.683158,0.405218
0.615441,0.412854
0.658259,0.466919
0.63716,0.45934
0.644682,0.369318
0.661388,0.407079
0.601694,0.409711
0.662693,0.405494
0.650573,0.482865
0.637719,0.388718
0.669953,0.431149
0.643699,0.350412
0.697278,0.417483
0.651943,0.48949
0.600446,0.385876
0.674532,0.456974
0.636472,0.316505
0.696552,0.415926
0.626414,0.323524
0.667284,0.379816
0.633421,0.396513
0.645909,0.44847
0.693732,0.440047
0.644811,0.501686
0.648277,0.452608
0.618496,0.399517
0.651189,0.439394
0.667412,0.41449
0.65948,0.401318
0.646754,0.383117
0.655665,0.491689
0.664834,0.413954
0.666822,0.380387
0.673218,0.327425
0.626981,0.382678
0.685896,0.354091
0.622091,0.426429
0.641875,0.366693
0.676124,0.422452
0.602039,0.34431
0.649515,0.365242
0.672098,0.340668
0.657321,0.491508
0.756497,0.367295
0.64625,0.373395
0.602808,0.329264
0.726266,0.43874
0.626806,0.463548
0.600229,0.39915
0.703438,0.408242
0.60456,0.369249
0.724836,0.46268
0.65422,0.379951
0.688473,0.429789
0.612731,0.404159
0.659726,0.420003
0.628464,0.427144
0.623658,0.397765
0.676914,0.440214
0.700894,0.452393
0.62237,0.436176
0.662798,0.448804
0.646943,0.399926
0.717528,0.354141
0.628587,0.447718
0.606142,0.413719
0.664881,0.428325
0.618459,0.417494
0.607085,0.362849
0.6615,0.449215
0.591659,0.38552
0.664587,0.388808
0.678713,0.385708
0.719258,0.454591
0.700273,0.422248
0.755876,0.338666
0.689742,0.46942
0.684443,0.42007
0.683061,0.37498
0.633519,0.39785
0.744814,0.417336
0.642427,0.385693
0.682673,0.438237
0.639543,0.309404
0.678097,0.426833
0.614491,0.359629
0.673835,0.353762
0.629862,0.423066
0.614492,0.412665
0.63363,0.351447
0.62469,0.406075
0.641762,0.353366
0.717417,0.388169
0.641477,0.439994
0.653876,0.420705
0.678823,0.47952
0.722772,0.432914
0.701361,0.504229
0.607484,0.413162
0.66912,0.401226
0.645369,0.392144
0.60967,0.42556
0.721211,0.382707
0.636923,0.388729
0.687687,0.414647
0.685259,0.416477
0.712961,0.345657
0.687938,0.401378
0.738438,0.348253
0.659405,0.40342
0.676637,0.449342
0.697523,0.392053
0.627305,0.426344
0.726603,0.464335
0.602922,0.411502
0.609256,0.347987
0.632721,0.388612
0.622378,0.380191
0.675417,0.442803
0.720888,0.440407
0.640332,0.365058
0.654905,0.473442
0.675157,0.449744
0.72093,0.368636
0.662569,0.300956
0.685629,0.387549
0.642546,0.362475
0.642407,0.389712
0.706867,0.38871
0.647634,0.323594
0.646494,0.421649
0.691,0.490481
0.665369,0.42973
0.65551,0.447018
0.699615,0.461387
0.653056,0.456692
0.632918,0.392666
0.794506,0.322437
0.681258,0.342568
0.696863,0.42091
0.661356,0.43002
0.629858,0.406225
0.661607,0.398366
0.696534,0.440572
0.644406,0.397887
0.664751,0.338757
0.726874,0.464561
0.613848,0.384952
0.661795,0.453895
0.64889,0.379436
0.682317,0.50054
0.665787,0.322523
0.683453,0.417592
0.684987,0.404614
0.636289,0.435135
0.681998,0.363044
0.617375,0.362425
0.600033,0.342116
0.595861,0.336171
0.600347,0.385147
0.637455,0.433621
0.625616,0.425564
0.668983,0.401819
0.654795,0.413699
0.706157,0.442981
0.667877,0.371527
0.687799,0.386773
0.639145,0.38624
0.68008,0.395785
0.736626,0.371628
0.69614,0.415316
0.57647,0.351483
0.611452,0.335205
0.627947,0.417671
0.633274,0.383496
0.668477,0.413993
0.704828,0.392375
0.686937,0.394253
0.681136,0.452206
0.64855,0.402219
0.607684,0.36473
0.68045,0.476212
0.635688,0.414805
0.67824,0.467225
0.635819,0.433098
0.624318,0.440914
0.580751,0.362099
0.624134,0.460628
0.672625,0.470046
0.640232,0.377698
0.675932,0.421996
0.731904,0.354597
0.628273,0.413982
0.707391,0.358182
0.737789,0.437003
0.692485,0.413966
0.693622,0.460813
0.640687,0.346718
0.636448,0.439974
0.673377,0.463461
0.716063,0.437837
0.66873,0.358985
0.616937,0.407563
0.683276,0.425554
0.637415,0.347763
0.666532,0.517793
0.635896,0.436448
0.720897,0.418389
0.599716,0.363971
0.711384,0.400066
0.685233,0.40065
0.693207,0.498033
0.677197,0.37624
0.668238,0.401609
0.658281,0.46237
0.610026,0.353041
0.694018,0.438167
0.659328,0.327386
0.694463,0.430964
0.693904,0.431845
0.646943,0.399139
0.66812,0.453031
0.673359,0.395566
0.686355,0.35445
0.678853,0.412824
0.596599,0.379433
0.658662,0.433367
0.67314,0.386084
0.644089,0.33382
0.613684,0.365097
0.600328,0.35413
0.645822,0.424503
0.711506,0.399175
0.712259,0.492614
0.655359,0.377092
0.622952,0.376454
0.631743,0.427272
0.659497,0.407931
0.654823,0.328303
0.705469,0.375618
0.69623,0.385004
0.589229,0.380786
0.641799,0.472431
0.628684,0.373509
0.685222,0.384634
0.623455,0.362218
0.646595,0.417954
0.59777,0.335761
0.617004,0.348288
0.683862,0.427921
0.730665,0.360562
0.696244,0.488687
0.646328,0.329057
0.665989,0.424942
0.615728,0.441505
0.661611,0.503481
0.641419,0.498203
0.593465,0.368266
0.652547,0.389278
0.629752,0.334886
0.673259,0.413571
0.641488,0.45453
0.620559,0.395979
0.610739,0.396921
0.619683,0.399181
0.689544,0.481447
0.709483,0.409765
0.611735,0.408721
0.718694,0.351399
0.737162,0.348296
0.631784,0.385135
0.614893,0.374699
0.673735,0.478082
0.709144,0.422992
0.732073,0.393002
0.679378,0.380143
0.639206,0.448844
0.644979,0.471902
0.678889,0.461522
0.645156,0.384651
0.649752,0.444408
0.656845,0.452174
0.643883,0.405245
0.675185,0.385995
0.662804,0.373033
0.723421,0.372637
0.588244,0.369876
0.619335,0.354787
0.672307,0.393915
0.674831,0.348331
0.676553,0.334931
0.640063,0.424219
0.609251,0.336185
0.597735,0.394786
0.702569,0.466622
0.669514,0.402449
0.662515,0.381136
0.650196,0.321357
0.651564,0.401647
0.642521,0.402141
0.653112,0.433481
0.667829,0.425332
0.621021,0.444521
0.670113,0.380641
0.634477,0.467493
0.646515,0.46565
0.647759,0.471479
0.61064,0.423001
0.67079,0.478051
0.675568,0.488239
0.585788,0.374204
0.619654,0.356738
0.594731,0.369725
0.744271,0.410002
0.642404,0.384331
0.595794,0.39052
0.70244,0.395403
0.616321,0.439049
0.610676,0.343805
0.635114,0.341365
0.602165,0.386843
0.633166,0.404088
0.701879,0.492443
0.721732,0.45844
0.670878,0.443023
0.680092,0.474358
0.703925,0.403893
0.602565,0.341009
0.700307,0.341891
0.6738,0.325515
0.692716,0.302414
0.635407,0.427745
0.696239,0.475456
0.672399,0.408242
0.655169,0.500047
0.63992,0.384846
0.661415,0.354422
0.661198,0.397948
0.673423,0.466749
0.615716,0.38488
0.699395,0.330597
0.642882,0.437416
0.67909,0.424137
0.628478,0.37605
0.68407,0.389288
0.639616,0.388697
0.652035,0.493432
0.662045,0.364846
0.746411,0.338249
0.627429,0.409409
0.631962,0.376159
0.643191,0.393369
0.641763,0.404225
0.643202,0.462195
0.717647,0.404655
0.624201,0.437565
0.73138,0.333721
0.659429,0.371345
0.684204,0.485479
0.612916,0.400641
0.66803,0.368316
0.715181,0.391921
0.640218,0.433358
0.685233,0.297476
0.63562,0.396182
0.609285,0.403219
0.654431,0.47915
0.689176,0.397053
0.679603,0.436445
0.602337,0.397246
0.646666,0.328828
0.652939,0.470187
0.705749,0.39836
0.704417,0.443765
0.635068,0.450296
0.737804,0.33598
0.721064,0.37089
0.628405,0.396557
0.666394,0.383688
0.619776,0.413031
0.630176,0.443304
0.605834,0.347534
0.654202,0.356094
0.654276,0.44237
0.582921,0.350543
0.608741,0.403608
0.745834,0.416414
0.616343,0.330081
0.669979,0.355581
0.64984,0.334485
0.669871,0.367232
0.667026,0.384331
0.681749,0.449439
0.691583,0.447709
0.729706,0.401536
0.714178,0.39423
0.626803,0.440232
0.744708,0.396051
0.644796,0.419842
0.651638,0.332193
0.608293,0.374434
0.652158,0.457052
0.695119,0.450418
0.62795,0.387086
0.630563,0.440718
0.639314,0.436487
0.643067,0.410297
0.66298,0.462563
0.60526,0.398046
0.662798,0.441394
0.642185,0.360746
0.672354,0.354498
0.598181,0.375563
0.693785,0.401802
0.617055,0.418483
0.648022,0.449447
0.595497,0.361471
0.63122,0.439926
0.642519,0.476537
0.650627,0.47223
0.588125,0.358057
0.619781,0.334087
0.629509,0.455928
0.695672,0.445213
0.627842,0.433482
0.669549,0.395224
0.618391,0.36911
0.640226,0.335692
0.63199,0.36218
0.662358,0.445672
0.634826,0.387292
0.687061,0.471964
0.620805,0.369525
0.604362,0.417253
0.663069,0.367602
0.662634,0.406946
0.603974,0.343801
0.652373,0.486786
0.61463,0.434836
0.617572,0.427739
0.678698,0.391467
0.704082,0.412447
0.611395,0.419808
0.622941,0.36988
0.628517,0.433996
0.596841,0.367954
0.658589,0.389891
0.610168,0.39033
0.639869,0.359243
0.652532,0.455181
0.712471,0.300803
0.6477,0.426756
0.623131,0.455779
0.645437,0.408518
0.616528,0.364435
0.624474,0.318129
0.646305,0.472385
0.60454,0.384884
0.668371,0.509323
0.610545,0.421214
0.617073,0.422498
0.628669,0.453755
0.654608,0.360656
0.676161,0.377748
0.622979,0.415795
0.689248,0.369072
0.624405,0.461426
0.628855,0.374493
0.639656,0.415316
0.643711,0.39067
0.6143,0.325871
0.639777,0.48761
0.623924,0.38212
0.632376,0.452027
0.659626,0.411869
0.751181,0.315113
0.601759,0.330642
0.670178,0.442974
0.614055,0.426391
0.674538,0.454406
0.660201,0.454953
0.629343,0.348099
0.59569,0.375922
0.656911,0.498178
0.644623,0.414323
0.680426,0.36398
0.643681,0.499321
0.582896,0.350404
0.652954,0.476204
0.645298,0.362462
0.620879,0.398928
0.60469,0.360351
0.663802,0.460934
0.698302,0.392568
0.647178,0.391687
0.759736,0.36856
0.650708,0.407174
0.712718,0.367997
0.704058,0.507389
0.613261,0.426911
0.693447,0.379899
0.659545,0.463652
0.61378,0.39208
0.627764,0.371922
0.649136,0.459012
0.632442,0.406966
0.629637,0.367946
0.622842,0.416552
0.642964,0.483996
0.640011,0.405894
0.662724,0.458481
0.646074,0.456819
0.617559,0.417178
0.678791,0.418126
0.676699,0.367888
0.737397,0.417975
0.641021,0.434375
0.654518,0.409147
0.645256,0.43014
0.682233,0.393801
0.60663,0.354416
0.704577,0.332085
0.647227,0.487346
0.693793,0.484238
0.663892,0.48074
0.627247,0.432705
0.692631,0.363726
0.700024,0.346205
0.657284,0.333413
0.704623,0.473908
0.645405,0.319128
0.607205,0.377268
0.703768,0.487048
0.658467,0.384394
0.678335,0.440742
0.750558,0.416545
0.610928,0.432487
0.608037,0.414895
0.61465,0.435947
0.619422,0.411243
0.631624,0.32383
0.664083,0.448041
0.648498,0.327187
0.596318,0.378029
0.62816,0.41287
0.649765,0.41427
0.693132,0.516071
0.676569,0.440803
0.669549,0.50739
0.691572,0.519542
0.666146,0.463822
0.683755,0.304467
0.673108,0.341655
0.692218,0.447404
0.616973,0.446262
0.670569,0.321709
0.73175,0.400093
0.620507,0.438577
0.682243,0.404375
0.68416,0.419071
0.654822,0.375774
0.651058,0.420592
0.706227,0.428152
0.739813,0.370374
0.613994,0.434901
0.65818,0.36862
0.590354,0.340231
0.675037,0.484011
0.64294,0.429934
0.603091,0.403379
0.649675,0.383054
0.685108,0.464557
0.615206,0.410761
0.676771,0.450428
0.609877,0.40478
0.604286,0.391201
0.602062,0.403622
0.654923,0.37721
0.649361,0.322688
0.635701,0.428664
0.609731,0.371029
0.604067,0.371893
0.691666,0.445278
0.612598,0.420013
0.599953,0.343164
0.656911,0.406889
0.666677,0.520791
0.635202,0.391975
0.687856,0.367156
0.641072,0.420481
0.663187,0.421199
0.625114,0.386248
0.601495,0.409881
0.623813,0.321637
0.720755,0.337472
0.667155,0.411572
0.653407,0.322061
0.663299,0.398624
0.640425,0.368486
0.620238,0.357199
0.632566,0.382149
0.62561,0.389558
0.624176,0.423942
0.658625,0.458295
0.660765,0.394162
0.615511,0.337416
0.65008,0.33408
0.739954,0.357773
0.598998,0.384158
0.594403,0.388596
0.611605,0.3862
0.626956,0.393163
0.659448,0.462466
0.735634,0.410057
0.665009,0.476194
0.681751,0.415564
0.634897,0.428698
0.623915,0.407879
0.702642,0.349806
0.638472,0.360683
0.684666,0.503593
0.650426,0.351795
0.692831,0.362245
0.594995,0.372011
0.630995,0.384002
0.689847,0.347668
0.674626,0.399104
0.610374,0.427898
0.614733,0.426971
0.649881,0.425446
0.627669,0.404812
0.659975,0.534408
0.701047,0.405999
0.641758,0.496558
0.600698,0.36783
0.62834,0.333251
0.653245,0.429264
0.640636,0.440469
0.659172,0.492545
0.6431,0.38127
0.619238,0.394148
0.66824,0.311687
0.680146,0.51215
0.701417,0.366823
0.610326,0.324169
0.649118,0.395866
0.644723,0.49392
0.630734,0.367003
0.639436,0.384735
0.625705,0.394102
0.614004,0.388354
0.640748,0.419487
0.692449,0.453555
0.59936,0.388652
0.59537,0.359543
0.639797,0.394445
0.587768,0.365205
0.602456,0.401462
0.62479,0.449754
0.650425,0.41623
0.654803,0.437323
0.655467,0.444749
0.619555,0.363543
0.610056,0.403737
0.581692,0.344532
0.702631,0.389776
0.60861,0.405644
0.648577,0.387918
0.675452,0.454622
0.654818,0.485187
0.648853,0.378943
0.687544,0.537889
0.63106,0.418467
0.660569,0.409754
0.631619,0.461229
0.642223,0.450718
0.668166,0.482358
0.713668,0.386859
0.678409,0.444036
0.640727,0.486861
0.654754,0.368178
0.705315,0.358994
0.626043,0.453952
0.647295,0.400549
0.642,0.376427
0.63118,0.436287
0.644132,0.440879
0.685148,0.340235
0.661537,0.382049
0.587117,0.338406
0.673136,0.404899
0.637381,0.396803
0.660476,0.399517
0.617987,0.411493
0.609808,0.370271
0.612277,0.420234
0.601081,0.386556
0.671883,0.361202
0.68421,0.368752
0.695941,0.438744
0.687993,0.378497
0.662865,0.420561
0.596287,0.378363
0.681544,0.523916
0.673664,0.378759
0.68289,0.478613
0.695476,0.410894
0.651935,0.515239
0.680049,0.420089
0.638499,0.488059
0.617462,0.409637
0.647239,0.494443
0.653887,0.509374
0.612172,0.423347
0.607757,0.344763
0.704206,0.472492
0.654042,0.421837
0.69816,0.461229
0.694967,0.349063
0.619532,0.358305
0.671159,0.40915
0.635051,0.441605
0.644094,0.324499
0.660093,0.447606
0.667071,0.423583
0.709667,0.391113
0.706395,0.481963
0.681441,0.322516
0.668353,0.35414
0.629096,0.357777
0.624542,0.371978
0.661817,0.370352
0.627832,0.415073
0.657427,0.344626
0.698891,0.37145
0.672768,0.438128
0.595634,0.366195
0.671156,0.484406
0.70735,0.326003
0.687855,0.332178
0.646861,0.410769
0.677947,0.458109
0.608177,0.389041
0.656046,0.392482
0.62202,0.435354
0.722339,0.393122
0.686588,0.420795
0.661487,0.403349
0.664075,0.387064
0.688366,0.374125
0.652715,0.385739
0.652061,0.459114
0.642033,0.432219
0.66371,0.457987
0.603419,0.388109
0.620061,0.431256
0.717144,0.418163
0.637228,0.419756
0.630481,0.376456
0.665625,0.397332
0.601389,0.398739
0.671737,0.312629
0.679702,0.37834
0.684947,0.444777
0.635011,0.347521
0.667101,0.389836
0.584492,0.366863
0.665633,0.481111
0.632099,0.466812
0.645092,0.475178
0.761653,0.375448
0.626713,0.348221
0.649504,0.453852
0.650711,0.417241
0.651141,0.391973
0.632085,0.386904
0.610346,0.387468
0.679699,0.442814
0.654046,0.398709
0.648614,0.305747
0.615348,0.364732
0.647165,0.390076
0.681451,0.373963
0.639371,0.408191
0.677887,0.407398
0.626483,0.446555
0.668142,0.428984
0.64156,0.439549
0.618439,0.336672
0.621367,0.335925
0.681178,0.435821
0.66368,0.390648
0.674691,0.476077
0.690994,0.345562
0.674503,0.535843
0.600928,0.402861
0.642769,0.484014
0.675176,0.381841
0.651186,0.430934
0.620123,0.408036
0.613591,0.329632
0.652774,0.453698
0.650059,0.309944
0.6168,0.385687
0.711885,0.413139
0.662547,0.356678
0.658339,0.41388
0.621181,0.441707
0.63884,0.349329
0.656853,0.399845
0.652697,0.452678
0.649629,0.466808
0.72449,0.337504
0.672767,0.432579
0.648985,0.401843
0.686282,0.428909
0.66432,0.391166
0.616597,0.380722
0.652789,0.431138
0.640678,0.374581
0.591875,0.364492
0.63975,0.343003
0.60768,0.4087
0.666909,0.464471
0.620853,0.390276
0.709435,0.365572
0.662119,0.397291
0.643002,0.361813
0.651088,0.343934
0.687639,0.470917
0.619079,0.441327
0.693242,0.353681
0.686084,0.495785
0.656305,0.437326
0.727698,0.383166
0.600555,0.388902
0.699061,0.3671
0.632978,0.363948
0.628515,0.421997
0.657148,0.378258
0.605229,0.420906
0.63375,0.325485
0.7483,0.36036
0.664751,0.40989
0.59094,0.374196
0.653574,0.359247
0.616421,0.429746
0.650813,0.46261
0.626257,0.435149
0.660217,0.402682
0.625352,0.320874
0.665485,0.414095
0.645636,0.494143
0.652272,0.452531
0.700619,0.398789
0.641697,0.395547
0.624181,0.425055
0.684411,0.369768
0.640136,0.349796
0.679161,0.4452
0.608797,0.345751
0.649676,0.330498
0.716356,0.451672
0.611784,0.368647
0.630172,0.411586
0.635404,0.397612
0.660423,0.372276
0.664797,0.406343
0.703907,0.331465
0.657975,0.430506
0.67012,0.429193
0.652768,0.469796
0.636882,0.343127
0.645624,0.373541
0.686604,0.527616
0.648808,0.366292
0.704931,0.358607
0.645443,0.443385
0.699578,0.501919
0.666918,0.334326
0.596563,0.364153
0.707457,0.426476
0.709578,0.310327
0.668904,0.498819
0.637625,0.448714
0.714339,0.38835
0.647742,0.497909
0.628405,0.362454
0.652684,0.353476
0.755643,0.37979
0.695797,0.402579
0.717037,0.455796
0.627926,0.42411
0.700948,0.380335
0.622423,0.354781
0.685651,0.339767
0.701737,0.406068
0.693494,0.401117
0.662614,0.44841
0.756668,0.367699
0.613304,0.380997
0.673678,0.414595
0.692787,0.45709
0.627481,0.320987
0.677401,0.35614
0.587982,0.360908
0.612066,0.358695
0.610157,0.377086
0.639327,0.366694
0.674562,0.38753
0.697569,0.437278
0.649989,0.51912
0.65444,0.353015
0.608347,0.425754
0.687852,0.366057
0.603065,0.414292
0.66465,0.377713
0.609536,0.382153
0.694376,0.425966
0.672926,0.411358
0.707922,0.450762
0.723267,0.390235
0.594017,0.389106
0.646566,0.432415
0.653104,0.367025
0.627679,0.413
0.655582,0.498718
0.654077,0.427782
0.677673,0.485226
0.686715,0.331374
0.684082,0.380275
0.628574,0.355137
0.61778,0.433923
0.631312,0.470909
0.647034,0.497782
0.696294,0.363065
0.629764,0.352365
0.675084,0.407693
0.612194,0.42696
0.601894,0.368793
0.711327,0.325425
0.611564,0.42966
0.743278,0.382667
0.636601,0.464619
0.630614,0.435654
0.633377,0.364612
0.748991,0.392532
0.666337,0.516092
0.664805,0.443357
0.705057,0.465531
0.679167,0.40883
0.667909,0.375247
0.673231,0.488222
0.68663,0.446435
0.672867,0.391381
0.609015,0.34439
0.675583,0.402098
0.635465,0.409344
0.643061,0.39507
0.589741,0.380605
0.687123,0.346093
0.704461,0.340138
0.659375,0.457777
0.635146,0.387261
0.606881,0.41253
0.632954,0.460852
0.668197,0.377901
0.675974,0.432621
0.665921,0.451761
0.65532,0.435825
0.664773,0.405286
0.64306,0.453075
0.645136,0.412492
0.64244,0.322337
0.72421,0.43441
0.60511,0.411702
0.635498,0.406592
0.59859,0.35618
0.679034,0.475453
0.594652,0.336788
0.651777,0.347986
0.672251,0.446148
0.594361,0.379079
0.68934,0.36562
0.716702,0.342312
0.736248,0.46133
0.740259,0.468336
0.796411,0.588275
0.813518,0.571179
0.912036,0.551876
0.741583,0.454147
0.760159,0.410599
0.716229,0.500005
0.740437,0.496178
0.733687,0.489017
0.787347,0.363139
0.819413,0.572242
0.75886,0.427576
0.866098,0.56037
0.829422,0.567988
0.743833,0.46931
0.721653,0.492561
0.718414,0.487829
0.727517,0.504783
0.703275,0.531188
0.832405,0.554971
0.758234,0.462853
0.85409,0.554109
0.747146,0.437255
0.728608,0.492203
0.70227,0.52604
0.813924,0.589175
0.786251,0.581544
0.837203,0.546696
0.863428,0.562199
0.929363,0.532945
0.833983,0.575338
0.739529,0.449125
0.750206,0.477083
0.744231,0.527477
0.702982,0.552699
0.840289,0.573642
0.766772,0.497775
0.904262,0.556543
0.780216,0.537444
0.800817,0.373474
0.796412,0.510918
0.8005,0.543123
0.873361,0.549916
0.705297,0.526532
0.753171,0.487699
0.772446,0.48856
0.698131,0.550535
0.778767,0.470465
0.722728,0.48933
0.777614,0.422261
0.874831259251712,0.468313026230795
0.824622927166923,0.474635856350459
0.821479405013754,0.46002786181164
0.828497784083758,0.475004975323507
0.849699000964875,0.494745057752666
0.8482822154368,0.453283657924551
0.852284423861777,0.528518331982491
0.864606618682616,0.518001776663009
0.798093547923121,0.471429413223131
0.886765781099238,0.501050099006158
0.858836471674028,0.459645401188963
0.847872068667933,0.514982116630477
0.809210585457357,0.464476190158532
0.827634415771211,0.473852034434798
0.845497337604353,0.493274140881149
0.849934039410048,0.508283496712951
0.822034695045577,0.492127870817254
0.86832415903057,0.464943147895522
0.889294083099106,0.492592604945972
0.794870431077364,0.50323145872038
0.857341964269661,0.527726727437881
0.854772460311277,0.490609146367903
0.844324954602933,0.529985913441601
0.779690318588526,0.409148369150104
0.851004353923325,0.462571669674097
0.842427791694884,0.455031414025854
0.858394487028125,0.496200409366283
0.837668965486243,0.46262503627261
0.823948713300292,0.48174584379819
0.825874904860932,0.469782831298176
0.792987314291536,0.495399910388587
0.829731033614805,0.458301229988915
0.795948236855826,0.53238963398296
0.815321585031853,0.488199866805865
0.817907944336903,0.487422715715018
0.836302745998166,0.451162335633656
0.784383596226799,0.517497017585406
0.872464019453317,0.53683351511331
0.859859029371752,0.481961533800513
0.847248420841299,0.492694890926455
0.801867272759962,0.482231702205486
0.848774766122701,0.42711734759111
0.800258523561527,0.496937535508245
0.803172625718412,0.486007389050286
0.819644981451627,0.456423392803737
0.841374332528272,0.517485899544049
0.831473689178418,0.511573325150455
0.847159462067229,0.48781407077078
0.856258540042311,0.474997192694557
0.831088825429549,0.421907433411271
0.879855088966265,0.475082801613005
0.909975593458028,0.496356061945279
0.861744018973876,0.503322626659507
0.853079434379513,0.508963920843993
0.836858036029989,0.552366530693021
0.79972008887637,0.467595912563276
0.815623108455541,0.511633362573782
0.860499532545052,0.517036730673231
0.845413060871024,0.470981356156449
0.858625779840706,0.493135165364188
0.815723304127387,0.523849866416733
0.834562899658997,0.519063549612592
0.806128866241962,0.488606787119527
0.822092752350759,0.488385538096525
0.827164338880865,0.436543223053481
0.820265820053817,0.482570802466871
0.835191229526372,0.454001883396206
0.819743304307178,0.470078571198269
0.820118803974565,0.494193602901364
0.864911887738896,0.477801162724765
0.860059420715446,0.535650555512936
0.793835700073714,0.464271618197565
0.821911089170028,0.537837474247837
0.792258788752315,0.555922080318954
0.84046882584906,0.487941928246385
0.812364408100155,0.508526981818667
0.832493437651698,0.469696110575592
0.862238442476073,0.431333308873642
0.849001376894541,0.455941981612983
0.821584282726341,0.462091370287479
0.816434037911795,0.50593425457424
0.787449396503677,0.431122066087861
0.792683918051552,0.50544950797108
0.845507638093982,0.478066883913195
0.819554149861262,0.473297244171089
0.811664911213525,0.484341906455024
0.825650166905388,0.455577309856477
0.810510319966918,0.460281353154578
0.806119502160481,0.459138418503089
0.867764186958007,0.476602637866492
0.803839348319859,0.509568742293808
0.829697322921473,0.522527931299399
0.830435212542176,0.512171475775456
0.853546702045415,0.500607600960154
0.872558596676275,0.505508433590271
0.866822160361019,0.49137073220085
0.835759629272268,0.440103219895957
0.841293801427535,0.457571886475903
0.846847638153912,0.524037761315665
0.842704032098573,0.487591709943643
0.824854219979504,0.416763115675438
0.861563292201293,0.492401374634633
0.840967931391997,0.461806748428743
0.817895771030978,0.503410459186226
0.848834696244179,0.494712815432731
0.8170473852488,0.513060919084007
0.825175407974302,0.47859943809419
0.807828447030762,0.46537675150844
0.835950656534481,0.468923406701288
0.803285931104332,0.474355681708265
0.841866883214172,0.507826545213183
0.794058565212961,0.491879938494995
0.796687999292824,0.471438307656217
0.773103623674795,0.483284580721983
0.837839391769197,0.522208843512456
0.836485345587045,0.444093484938945
0.835094779487118,0.447661264410371
0.803850585217636,0.489186037074221
0.832549622140584,0.495497749152527
0.845404633197691,0.464202686341153
0.837653982955873,0.455994236407361
0.81652018746142,0.523255051204139
0.843860496161476,0.452945669467301
0.798674120974943,0.480183758987547
0.836542466484079,0.455636235475669
0.823249216413661,0.487969723349777
0.797355658302419,0.45034627139806
0.814486308963748,0.548140563173267
0.830603766008834,0.436657738879457
0.860602537441343,0.473303914995903
0.787842687925878,0.477870094581178
0.81303674915049,0.493373091449226
0.807649593074475,0.462519414879719
0.834962745938236,0.491088333950385
0.824561124229149,0.48360255670479
0.850692530010008,0.482497423393916
0.811201389180216,0.505943149007326
0.815979879959967,0.532879939606799
0.83848832261583,0.478639463043075
0.816757098722889,0.499410187906017
0.827071634474203,0.505011457141618
0.829328378111122,0.468522045408304
0.822726700667022,0.459605376240079
0.812755826706061,0.482737573087224
0.798108530453491,0.49116949565229
0.827284199123821,0.485051237493593
0.834605038025662,0.48728040478565
0.80025196870449,0.493668831349319
0.834940272142682,0.472848075300271
0.827666253648246,0.451343559707773
0.815845973594788,0.487689548707583
0.835753074415232,0.465793678059324
0.814167930193394,0.551472640167927
0.81155909709279,0.498542980680179
0.810098300381755,0.481827005500095
0.790796119224984,0.473763090103943
0.838124059846219,0.479010805624395
0.807529732831518,0.458415745814891
0.865009274186299,0.453961858447321
0.863522258047117,0.487142541072824
0.830372473196253,0.495055251106523
0.809819250753621,0.460181290782365
0.833371788494615,0.474180016654826
0.82582152959649,0.51813296955102
0.793890948154452,0.477547671381828
0.824017071095103,0.504120902028931
0.828239335434883,0.457298382658524
0.83896120873062,0.457296159050252
0.862921084016037,0.482053813543776
0.79656720264172,0.509752189976196
0.824607944636554,0.515055495703433
0.890338178184237,0.504676804096776
0.789607817285045,0.528599493684397
0.840981977514218,0.471973085445483
0.822785694380352,0.551290304289674
0.812473031445335,0.463570069787946
0.822828769155165,0.506008745451331
0.833103039356111,0.453054626272599
0.820223681687153,0.437295914453343
0.822039377086317,0.551869554244368
0.789567551734677,0.470695622493576
0.827639097811951,0.472643503339304
0.801807342638483,0.502256406493381
